3800
0
3799
0
6
8
11
13
23
29
54
0
0
0
0
0
0
0
0
0
0
0
1
4
6
8
16
21
1
1
1
1
1
1
1
1
1
1
1
1
1
2
7
8
9
11
14
31
54
2
2
2
2
2
2
2
2
2
2
2
13
14
18
22
38
63
3
3
3
3
3
3
3
3
3
3
3
3
3
6
14
22
32
43
4
4
4
4
4
4
4
4
4
4
4
4
4
4
1
4
5
8
9
11
12
16
21
24
33
49
5
5
5
5
5
5
5
3
4
10
15
16
25
35
37
44
6
6
6
6
6
6
6
6
6
6
1
2
4
5
6
7
10
13
14
19
7
7
7
7
7
7
7
7
7
0
3
8
14
15
16
18
25
37
41
8
8
8
8
8
8
8
8
8
2
4
6
7
13
14
22
23
27
9
9
9
9
9
9
9
9
9
9
0
6
7
8
11
18
19
21
27
34
10
10
10
10
10
10
10
10
10
0
8
9
12
13
15
16
20
24
25
31
46
54
69
11
11
11
11
11
12
13
17
23
12
12
12
12
12
12
12
12
12
12
12
12
12
12
12
3
5
6
11
13
18
19
21
42
43
45
53
62
13
13
13
13
13
13
10
12
14
16
21
24
25
26
36
57
14
14
14
14
14
14
14
14
14
4
7
9
10
12
15
17
19
20
24
15
15
15
15
15
15
15
15
15
1
12
13
16
17
19
23
27
28
31
37
53
16
16
16
16
16
16
16
6
7
9
12
15
17
23
25
35
48
17
17
17
17
17
17
17
17
17
3
9
17
18
19
22
26
28
46
18
18
18
18
18
18
18
18
18
18
5
7
9
20
23
28
35
41
48
19
19
19
19
19
19
19
19
19
19
0
3
4
16
20
21
22
24
26
27
30
39
20
20
20
20
20
20
20
2
4
11
15
17
24
26
39
63
70
21
21
21
21
21
21
21
21
21
2
6
17
21
22
23
24
25
26
40
48
69
22
22
22
22
22
22
22
5
6
7
18
19
21
23
29
31
32
34
42
23
23
23
23
23
23
23
3
8
15
17
19
27
28
34
38
40
51
56
59
63
24
24
24
24
24
9
10
11
13
14
17
18
20
22
25
28
30
31
35
40
52
25
25
25
15
16
21
24
25
27
30
32
35
45
61
26
26
26
26
26
26
26
26
9
10
15
28
29
30
31
37
46
60
76
27
27
27
27
27
27
27
27
2
14
15
19
20
24
25
43
75
83
28
28
28
28
28
28
28
28
28
13
18
21
36
47
49
29
29
29
29
29
29
29
29
29
29
29
29
29
4
20
22
25
27
31
43
45
46
55
60
68
30
30
30
30
30
30
30
14
19
23
24
26
33
35
44
48
51
53
124
31
31
31
31
31
31
31
12
18
21
22
25
29
31
32
36
43
47
55
76
32
32
32
32
32
32
29
31
36
37
41
42
43
47
33
33
33
33
33
33
33
33
33
33
33
5
25
26
27
31
32
47
72
34
34
34
34
34
34
34
34
34
34
34
20
23
28
33
34
39
44
46
47
48
63
64
35
35
35
35
35
35
35
4
20
27
33
35
63
105
36
36
36
36
36
36
36
36
36
36
36
36
11
18
26
34
35
36
40
42
68
37
37
37
37
37
37
37
37
37
37
2
25
27
32
33
36
38
43
45
55
61
69
96
38
38
38
38
38
38
3
9
18
20
24
31
34
38
39
42
47
50
53
57
58
73
39
39
39
11
12
35
38
40
41
44
47
91
40
40
40
40
40
40
40
40
40
40
14
26
33
35
38
43
59
41
41
41
41
41
41
41
41
41
41
41
41
11
21
26
30
32
35
37
40
41
43
44
46
48
55
61
63
42
42
42
13
24
42
44
46
52
53
56
70
74
114
43
43
43
43
43
43
43
43
7
12
21
22
29
31
34
35
39
40
41
43
50
59
72
74
44
44
44
26
29
42
44
46
47
48
54
62
65
69
45
45
45
45
45
45
45
45
31
32
36
41
44
47
50
51
54
63
46
46
46
46
46
46
46
46
46
6
12
32
41
45
48
52
69
47
47
47
47
47
47
47
47
47
47
47
5
20
27
35
43
47
49
51
52
53
60
68
48
48
48
48
48
48
48
27
32
39
47
48
49
50
54
58
63
72
74
80
49
49
49
49
49
49
25
30
36
47
50
58
60
83
50
50
50
50
50
50
50
50
50
50
50
18
28
34
42
43
48
71
72
82
51
51
51
51
51
51
51
51
51
51
16
23
31
40
42
51
58
69
71
98
52
52
52
52
52
52
52
52
52
21
37
38
47
53
54
55
59
61
68
75
77
91
53
53
53
53
53
53
7
41
43
48
52
88
107
54
54
54
54
54
54
54
54
54
54
54
54
44
45
47
56
62
69
71
79
55
55
55
55
55
55
55
55
55
55
55
25
34
35
41
55
57
63
64
66
74
79
56
56
56
56
56
56
56
56
27
47
48
51
53
56
58
59
62
65
73
83
57
57
57
57
57
57
57
16
44
50
54
57
60
62
69
72
76
58
58
58
58
58
58
58
58
58
31
38
39
41
51
54
55
56
65
69
71
80
59
59
59
59
59
59
59
38
42
53
54
59
64
87
93
102
122
60
60
60
60
60
60
60
60
60
19
43
45
46
53
55
56
58
61
63
66
70
77
79
80
87
61
61
61
3
16
39
46
56
59
61
71
77
81
83
88
62
62
62
62
62
62
62
12
37
45
50
62
63
69
70
75
80
97
114
63
63
63
63
63
63
63
30
40
50
51
56
57
58
61
62
63
64
69
72
77
78
79
81
96
128
55
56
62
65
69
74
75
77
78
65
65
65
65
65
65
65
65
65
65
30
40
43
51
53
56
70
72
78
80
90
106
66
66
66
66
66
66
66
20
40
48
51
53
60
66
67
71
76
81
89
67
67
67
67
67
67
67
49
57
58
63
68
69
72
73
76
79
83
91
107
68
68
68
68
68
68
37
56
58
65
66
67
73
77
82
91
69
69
69
69
69
69
69
69
69
46
54
63
65
67
69
71
75
77
78
87
94
99
113
135
70
70
70
70
8
45
56
58
61
64
70
71
72
73
81
71
71
71
71
71
71
71
71
41
44
67
70
72
73
75
80
81
83
85
91
97
72
72
72
72
72
72
44
64
65
70
72
73
74
75
76
81
83
85
98
105
73
73
73
73
73
35
58
61
63
65
72
74
75
81
82
84
109
119
135
74
74
74
74
74
37
49
52
56
58
71
72
74
79
81
83
87
88
100
112
75
75
75
75
57
62
66
70
77
81
82
84
89
111
76
76
76
76
76
76
76
76
76
58
62
66
71
77
84
89
101
106
77
77
77
77
77
77
77
77
77
77
32
68
69
72
73
76
78
79
82
87
89
93
94
78
78
78
78
78
78
61
73
74
75
77
78
79
82
90
95
117
128
137
79
79
79
79
79
79
78
79
80
87
93
114
80
80
80
80
80
80
80
80
80
80
80
80
80
55
58
62
64
72
79
80
84
85
88
95
96
107
128
81
81
81
81
81
60
76
80
83
85
87
90
101
112
126
82
82
82
82
82
82
82
82
82
70
72
85
86
87
88
91
121
127
83
83
83
83
83
83
83
83
83
83
28
60
65
71
79
80
81
82
85
87
100
136
84
84
84
84
84
84
84
67
68
72
73
79
80
85
86
87
89
93
104
106
108
85
85
85
85
85
44
46
62
65
67
73
79
82
83
87
90
95
97
99
100
101
105
106
114
32
52
66
67
70
73
77
79
82
83
85
90
91
97
100
87
87
87
87
61
63
71
75
76
83
85
89
97
105
88
88
88
88
88
88
88
88
88
70
71
80
87
88
89
90
93
106
107
134
89
89
89
89
89
89
89
89
68
69
70
83
89
90
93
95
106
116
117
123
90
90
90
90
90
90
90
11
52
53
57
60
63
65
75
79
89
90
95
96
98
121
91
91
91
91
67
80
81
83
84
87
89
90
91
94
100
119
137
92
92
92
92
92
92
28
70
82
84
85
87
92
97
100
102
103
104
105
107
124
93
93
93
93
65
70
88
90
92
94
95
104
108
117
94
94
94
94
94
94
94
94
94
72
79
93
95
97
98
102
106
108
113
114
123
124
130
95
95
95
95
95
49
51
59
72
87
90
94
96
104
105
106
108
111
115
119
122
132
96
96
73
74
76
82
85
86
89
93
94
97
99
102
104
118
97
97
97
97
97
57
86
87
89
93
94
97
98
99
101
109
115
98
98
98
98
98
98
98
64
79
92
94
95
96
98
99
100
102
109
112
115
135
99
99
99
99
99
38
56
57
80
86
97
101
104
117
119
138
100
100
100
100
100
100
100
100
71
87
88
89
94
96
98
102
107
115
131
134
139
101
101
101
101
101
101
79
80
107
111
117
118
120
102
102
102
102
102
102
102
102
102
102
102
102
86
93
98
101
107
108
112
120
124
148
103
103
103
103
103
103
103
103
103
93
98
101
103
115
116
123
124
184
104
104
104
104
104
104
104
104
104
104
70
84
85
87
97
101
104
106
110
111
117
125
128
140
105
105
105
105
105
84
93
95
100
103
104
107
108
109
111
114
116
123
125
127
106
106
106
106
89
92
95
96
102
104
108
109
123
124
125
136
143
149
107
107
107
107
107
69
78
84
96
104
108
109
112
113
121
123
138
108
108
108
108
108
108
108
75
86
106
109
115
117
118
126
130
109
109
109
109
109
109
109
109
109
109
37
58
98
102
105
107
109
110
112
130
137
110
110
110
110
110
110
110
110
84
91
99
101
103
110
111
112
114
118
119
120
135
145
158
111
111
111
111
83
86
98
100
103
105
107
109
110
111
112
124
146
112
112
112
112
112
112
78
89
93
102
103
104
108
113
145
113
113
113
113
113
113
113
113
113
113
50
84
86
97
108
110
112
117
121
124
125
127
137
144
146
155
114
114
114
40
91
103
114
115
116
118
120
121
131
132
136
139
143
115
115
115
115
115
102
108
111
114
117
121
129
150
116
116
116
116
116
116
116
116
116
116
116
92
103
108
111
117
119
122
123
129
117
117
117
117
117
117
117
117
117
117
53
72
116
117
121
135
118
118
118
118
118
118
118
118
118
118
118
118
118
78
84
87
96
100
108
113
124
127
135
119
119
119
119
119
119
119
119
119
71
78
90
96
99
117
125
128
144
145
147
167
120
120
120
120
120
120
120
91
117
118
120
127
135
146
147
156
121
121
121
121
121
121
121
121
121
121
112
114
115
116
120
136
138
146
153
122
122
122
122
122
122
122
122
122
122
94
118
120
124
132
138
139
123
123
123
123
123
123
123
123
123
123
123
123
94
107
113
118
119
123
126
142
150
151
165
124
124
124
124
124
124
124
124
124
125
128
129
130
132
133
152
154
125
125
125
125
125
125
125
125
125
125
88
89
98
108
116
121
124
126
127
129
130
134
148
151
126
126
126
126
126
102
105
118
123
124
126
128
130
134
135
149
155
127
127
127
127
127
127
127
16
85
108
121
122
123
126
127
130
141
151
128
128
128
128
128
128
128
128
121
126
127
128
129
130
143
149
198
129
129
129
129
129
129
129
129
129
129
115
119
125
131
139
142
152
130
130
130
130
130
130
130
130
130
130
130
130
82
112
127
133
143
131
131
131
131
131
131
131
131
131
131
131
131
131
131
85
109
125
127
132
136
140
141
150
132
132
132
132
132
132
132
132
132
132
83
112
118
125
126
131
132
135
137
138
142
148
178
133
133
133
133
133
133
113
120
122
129
130
131
132
133
134
135
151
134
134
134
134
134
134
134
134
86
102
116
118
125
127
128
132
133
136
137
146
150
157
135
135
135
135
135
124
127
137
139
140
144
149
157
136
136
136
136
136
136
136
136
136
136
136
111
112
115
119
125
131
134
135
136
138
140
143
194
137
137
137
137
137
137
117
121
123
124
139
158
138
138
138
138
138
138
138
138
138
138
138
138
138
128
137
140
141
142
144
146
155
161
164
175
139
139
139
139
139
139
139
139
116
119
130
132
133
134
137
138
141
152
168
169
140
140
140
140
140
140
140
125
129
140
146
147
157
162
182
141
141
141
141
141
141
141
141
141
141
141
94
117
132
134
135
137
139
140
144
149
153
160
167
142
142
142
142
142
142
115
118
119
123
131
132
134
142
143
144
145
156
159
143
143
143
143
143
143
130
134
142
143
145
151
169
186
144
144
144
144
144
144
144
144
144
144
144
66
101
113
120
135
138
139
144
146
152
155
161
163
171
192
145
145
145
145
96
121
123
135
141
145
146
147
148
154
156
159
161
146
146
146
146
146
146
127
134
135
140
141
145
149
151
164
168
147
147
147
147
147
147
147
147
147
117
120
134
136
139
140
141
142
147
148
163
165
174
148
148
148
148
148
148
122
132
134
143
152
155
161
149
149
149
149
149
149
149
149
149
149
149
149
94
119
127
135
139
147
161
167
170
188
150
150
150
150
150
150
150
150
150
111
129
132
138
141
148
149
151
153
156
161
165
173
192
151
151
151
151
151
75
126
128
145
148
150
153
157
161
191
152
152
152
152
152
152
152
152
152
127
146
148
153
154
155
157
159
163
170
172
193
153
153
153
153
153
153
153
132
139
143
146
160
161
188
154
154
154
154
154
154
154
154
154
154
154
154
133
136
142
143
148
152
158
160
161
163
166
155
155
155
155
155
155
155
155
110
126
138
140
150
153
156
158
161
162
163
156
156
156
156
156
156
156
156
132
150
154
156
157
162
165
175
187
199
157
157
157
157
157
157
157
157
157
129
134
141
151
153
156
157
160
162
164
165
166
169
173
180
158
158
158
158
97
106
126
139
143
145
151
153
155
157
158
160
161
165
169
172
186
159
159
145
147
148
151
156
162
163
172
174
185
191
160
160
160
160
160
160
160
160
153
159
161
165
170
171
185
161
161
161
161
161
161
161
161
161
161
161
161
152
156
157
160
169
174
176
182
162
162
162
162
162
162
162
162
162
162
162
113
142
145
150
151
155
156
157
164
166
167
168
173
163
163
163
163
163
163
143
150
151
163
164
165
167
177
180
164
164
164
164
164
164
164
164
164
164
153
159
160
163
164
166
170
171
174
179
180
184
185
197
165
165
165
165
165
78
152
156
159
160
163
166
168
173
174
176
180
183
166
166
166
166
166
166
118
146
148
150
153
157
158
161
163
167
171
176
179
184
185
167
167
167
167
140
153
158
163
165
168
170
171
176
181
189
196
168
168
168
168
168
168
168
103
139
148
157
161
167
170
173
175
179
182
192
169
169
169
169
169
169
169
144
155
158
164
165
169
171
173
186
170
170
170
170
170
170
170
170
170
170
157
169
171
173
177
178
179
180
171
171
171
171
171
171
171
171
171
171
171
156
157
168
173
179
186
189
194
196
172
172
172
172
172
172
172
172
172
172
136
150
157
168
170
173
179
184
186
173
173
173
173
173
173
173
173
173
173
137
152
162
166
167
170
175
178
184
185
190
197
174
174
174
174
174
174
174
144
147
155
167
170
171
173
174
177
180
181
186
190
191
192
193
194
196
198
170
171
175
176
179
183
188
199
176
176
176
176
176
176
176
176
176
176
176
135
145
151
159
165
170
172
174
175
176
177
183
188
199
177
177
177
177
177
165
169
170
173
175
183
190
194
195
196
178
178
178
178
178
178
178
178
178
147
159
168
169
172
177
178
187
193
179
179
179
179
179
179
179
179
179
179
108
147
164
165
166
176
181
184
185
186
190
180
180
180
180
180
180
180
180
155
158
173
176
177
180
181
182
183
190
181
181
181
181
181
181
181
181
181
168
171
176
177
184
185
195
182
182
182
182
182
182
182
182
182
182
182
182
172
178
180
181
182
184
186
189
190
193
183
183
183
183
183
183
183
183
183
123
151
160
165
167
171
172
178
179
182
183
186
190
193
195
184
184
184
184
171
175
181
185
186
190
196
185
185
185
185
185
185
185
185
185
185
185
185
156
166
168
169
172
175
183
184
186
186
186
186
186
186
186
186
186
186
186
163
168
170
173
180
185
188
190
198
187
187
187
187
187
187
187
187
187
187
154
158
176
179
182
183
184
186
187
189
195
199
188
188
188
188
188
188
188
156
175
176
179
184
186
187
188
189
193
198
199
189
189
189
189
189
189
189
168
173
174
182
185
187
190
192
193
194
197
198
190
190
190
190
190
190
190
154
155
177
179
183
187
189
191
195
196
198
191
191
191
191
191
191
191
191
171
174
176
185
186
188
189
192
199
192
192
192
192
192
192
192
192
192
192
175
176
182
184
187
192
193
194
196
193
193
193
193
193
193
193
193
193
193
146
165
174
178
185
189
192
193
197
194
194
194
194
194
194
194
194
194
194
144
178
183
186
192
194
197
199
195
195
195
195
195
195
195
195
195
195
195
148
160
164
184
189
191
192
195
197
198
196
196
196
196
196
196
196
196
196
99
167
189
190
194
196
199
197
197
197
197
197
197
197
197
197
197
197
197
178
181
190
195
199
198
198
198
198
198
198
198
198
198
198
198
198
198
198
167
169
174
179
184
186
192
197
199
199
199
199
199
199
199
199
199
199
199
