16000
0
15999
6
8
11
13
14
23
29
54
57
61
101
103
117
0
0
0
0
0
0
0
0
0
0
0
0
0
0
0
0
0
0
0
0
0
0
0
0
0
0
0
2
7
8
9
11
14
22
23
24
31
32
37
42
54
63
64
85
213
1
1
1
1
1
1
1
1
1
1
1
1
1
1
1
1
1
1
1
1
1
1
6
14
19
22
30
32
34
43
49
50
116
2
2
2
2
2
2
2
2
2
2
2
2
2
2
2
2
2
2
2
2
2
2
2
2
2
2
2
2
2
3
4
10
15
16
17
18
25
30
35
37
42
44
45
69
3
3
3
3
3
3
3
3
3
3
3
3
3
3
3
3
3
3
3
3
3
3
3
3
3
0
3
14
15
16
18
25
37
41
56
4
4
4
4
4
4
4
4
4
4
4
4
4
4
4
4
4
4
4
4
4
4
4
4
4
4
4
4
4
4
0
6
7
8
11
18
19
21
27
29
31
34
40
46
52
54
67
87
5
5
5
5
5
5
5
5
5
5
5
5
5
5
5
5
5
5
5
5
5
5
4
13
17
23
24
29
33
40
52
125
135
6
6
6
6
6
6
6
6
6
6
6
6
6
6
6
6
6
6
6
6
6
6
6
6
6
6
6
6
6
6
9
10
12
14
16
21
24
25
26
36
40
48
51
57
61
71
73
75
80
81
102
7
7
7
7
7
7
7
7
7
7
7
7
7
7
7
7
7
7
1
4
12
13
16
17
19
23
27
28
31
37
42
53
70
119
125
8
8
8
8
8
8
8
8
8
8
8
8
8
8
8
8
8
8
8
8
8
8
8
2
3
7
9
17
18
22
26
28
33
34
46
56
62
70
74
75
79
81
91
136
9
9
9
9
9
9
9
9
9
9
9
9
9
9
9
9
9
9
9
0
2
3
4
6
21
24
26
27
30
39
48
68
77
100
106
107
211
10
10
10
10
10
10
10
10
10
10
10
10
10
10
10
10
10
10
10
10
10
10
2
6
9
17
21
22
24
25
40
48
49
51
64
69
91
11
11
11
11
11
11
11
11
11
11
11
11
11
11
11
11
11
11
11
11
11
11
11
11
11
3
4
5
8
11
13
15
17
19
27
28
34
38
40
51
56
59
61
63
86
93
12
12
12
12
12
12
12
12
12
12
12
12
12
12
12
12
12
12
12
6
7
12
15
16
19
21
25
27
35
45
59
61
65
68
260
13
13
13
13
13
13
13
13
13
13
13
13
13
13
13
13
13
13
13
13
13
13
13
13
0
2
5
6
9
11
13
14
15
19
20
25
43
57
75
83
87
91
99
101
123
132
14
14
14
14
14
14
14
14
14
14
14
14
14
14
14
14
14
14
1
4
5
12
15
18
19
20
22
25
31
43
45
46
47
55
58
60
68
72
86
91
97
139
15
15
15
15
15
15
15
15
15
15
15
15
15
15
15
15
4
8
9
12
15
16
17
18
21
22
25
31
32
43
47
55
57
76
125
192
16
16
16
16
16
16
16
16
16
16
16
16
16
16
16
16
16
16
16
16
5
7
9
15
18
19
25
26
27
31
32
47
72
73
111
17
17
17
17
17
17
17
17
17
17
17
17
17
17
17
17
17
17
17
17
17
17
17
17
17
4
5
12
13
17
19
20
21
26
27
33
56
63
74
102
105
106
111
119
18
18
18
18
18
18
18
18
18
18
18
18
18
18
18
18
18
18
18
18
18
2
7
12
16
18
25
27
32
33
36
43
45
55
61
69
70
96
131
19
19
19
19
19
19
19
19
19
19
19
19
19
19
19
19
19
19
19
19
19
19
5
8
11
12
13
15
17
18
19
21
23
29
35
38
47
57
79
87
91
105
107
137
238
20
20
20
20
20
20
20
20
20
20
20
20
20
20
20
20
20
0
11
14
21
22
23
24
25
26
30
32
35
37
43
44
48
55
61
63
83
90
116
163
21
21
21
21
21
21
21
21
21
21
21
21
21
21
21
21
21
4
7
12
15
21
22
28
29
30
31
34
35
39
40
50
59
70
72
74
98
111
22
22
22
22
22
22
22
22
22
22
22
22
22
22
22
22
22
22
22
2
3
15
18
19
24
25
26
28
29
31
32
33
36
41
44
50
51
63
112
23
23
23
23
23
23
23
23
23
23
23
23
23
23
23
23
23
23
23
23
5
12
16
18
20
22
25
27
32
35
43
49
53
60
68
87
24
24
24
24
24
24
24
24
24
24
24
24
24
24
24
24
24
24
24
24
24
24
24
24
10
11
13
20
24
25
27
29
30
31
34
36
83
92
93
96
113
115
144
218
25
25
25
25
25
25
25
25
25
25
25
25
25
25
25
25
25
25
25
25
11
14
15
16
18
23
24
31
32
40
42
58
69
71
98
110
153
168
26
26
26
26
26
26
26
26
26
26
26
26
26
26
26
26
26
26
26
26
26
26
3
7
11
16
19
22
23
26
27
28
30
31
33
35
41
43
48
52
88
107
113
150
27
27
27
27
27
27
27
27
27
27
27
27
27
27
27
27
27
27
10
20
25
27
29
32
34
35
41
44
57
74
79
107
112
134
135
253
28
28
28
28
28
28
28
28
28
28
28
28
28
28
28
28
28
28
28
28
28
28
5
9
11
16
20
22
23
29
32
35
40
44
50
54
57
69
72
76
89
131
29
29
29
29
29
29
29
29
29
29
29
29
29
29
29
29
29
29
29
29
7
11
23
26
28
29
30
31
33
38
42
45
53
54
87
93
102
120
121
122
136
166
30
30
30
30
30
30
30
30
30
30
30
30
30
30
30
30
30
30
0
3
8
10
12
14
16
21
22
24
31
35
36
39
46
56
59
61
71
77
81
83
88
170
189
31
31
31
31
31
31
31
31
31
31
31
31
31
31
31
1
18
24
26
27
30
33
40
41
50
51
56
57
58
61
62
63
64
69
72
77
78
81
96
106
128
32
32
32
32
32
32
32
32
32
32
32
32
32
32
3
10
20
30
33
36
38
40
41
43
44
51
53
56
80
90
106
33
33
33
33
33
33
33
33
33
33
33
33
33
33
33
33
33
33
33
33
33
33
33
3
6
9
14
20
25
27
33
37
39
48
49
57
58
63
69
76
79
83
91
107
34
34
34
34
34
34
34
34
34
34
34
34
34
34
34
34
34
34
34
6
8
9
11
21
25
28
32
37
46
49
54
63
67
87
94
96
99
113
135
160
177
208
35
35
35
35
35
35
35
35
35
35
35
35
35
35
35
35
35
0
17
29
33
36
37
40
41
42
44
45
46
51
53
54
70
72
73
81
83
85
91
97
36
36
36
36
36
36
36
36
36
36
36
36
36
36
36
36
36
2
9
12
19
22
25
35
37
41
48
51
58
61
63
72
74
75
84
109
111
119
120
135
138
37
37
37
37
37
37
37
37
37
37
37
37
37
37
37
37
0
3
8
16
17
18
22
28
29
31
33
34
36
37
40
41
42
44
47
57
62
66
81
84
89
111
157
38
38
38
38
38
38
38
38
38
38
38
38
38
2
12
17
22
23
25
32
43
44
46
55
68
69
72
89
93
39
39
39
39
39
39
39
39
39
39
39
39
39
39
39
39
39
39
39
39
39
39
39
39
8
9
20
26
34
35
39
42
46
50
55
79
93
114
129
144
40
40
40
40
40
40
40
40
40
40
40
40
40
40
40
40
40
40
40
40
40
40
40
40
3
9
12
17
27
40
42
43
52
60
61
76
83
101
112
126
144
41
41
41
41
41
41
41
41
41
41
41
41
41
41
41
41
41
41
41
41
41
41
41
9
12
16
19
20
22
24
25
26
28
32
38
39
42
44
54
58
60
65
71
79
80
85
87
100
136
42
42
42
42
42
42
42
42
42
42
42
42
42
42
7
10
22
26
27
28
29
34
35
36
38
44
46
48
55
56
60
62
63
65
67
73
82
95
97
100
105
106
114
143
43
43
43
43
43
43
43
43
43
43
15
18
32
35
41
48
52
53
55
57
58
60
61
62
63
66
70
71
75
76
85
105
138
44
44
44
44
44
44
44
44
44
44
44
44
44
44
44
44
44
9
18
19
22
26
31
36
37
45
49
52
54
57
59
60
64
66
68
69
70
106
117
123
142
161
211
289
45
45
45
45
45
45
45
45
45
45
45
45
45
19
25
26
27
35
40
44
47
49
50
55
58
63
64
67
80
81
84
89
90
94
100
119
137
228
46
46
46
46
46
46
46
46
46
46
46
46
46
46
46
3
4
5
8
14
20
23
28
30
32
39
41
47
52
53
56
59
65
70
71
73
88
104
108
117
144
47
47
47
47
47
47
47
47
47
47
47
47
47
47
2
9
14
18
20
27
33
38
40
44
45
49
50
51
53
54
55
57
59
62
68
72
73
96
108
111
119
122
132
149
186
48
48
48
48
48
48
48
48
48
9
19
32
50
51
53
55
57
65
76
87
93
94
109
139
156
165
49
49
49
49
49
49
49
49
49
49
49
49
49
49
49
49
49
49
49
49
49
49
49
16
18
37
38
45
46
49
53
56
57
59
60
68
71
80
86
97
138
50
50
50
50
50
50
50
50
50
50
50
50
50
50
50
50
50
50
50
50
50
50
0
13
14
22
38
41
42
44
45
46
51
54
58
62
64
67
79
80
107
159
51
51
51
51
51
51
51
51
51
51
51
51
51
51
51
51
51
51
51
51
0
14
25
27
40
41
42
52
56
57
60
62
70
83
93
101
116
124
184
52
52
52
52
52
52
52
52
52
52
52
52
52
52
52
52
52
52
52
52
52
16
20
23
34
41
42
43
46
48
49
51
52
54
56
57
64
65
69
70
84
93
95
100
103
116
123
125
127
163
180
205
53
53
53
53
53
53
53
53
53
1
10
12
25
30
32
38
39
41
43
44
48
50
51
53
57
58
61
63
67
69
72
73
74
78
79
84
108
113
275
54
54
54
54
54
54
54
54
54
54
0
6
7
14
26
31
37
42
44
53
54
55
58
61
63
68
70
72
84
87
88
109
130
137
55
55
55
55
55
55
55
55
55
55
55
55
55
55
55
55
9
10
30
37
46
47
50
55
59
64
65
69
71
80
83
86
98
103
111
146
157
167
56
56
56
56
56
56
56
56
56
56
56
56
56
56
56
56
56
56
7
13
41
42
43
47
50
52
53
54
56
58
61
62
63
64
68
71
73
74
76
78
84
86
97
108
112
124
125
137
144
155
226
240
57
57
57
57
57
57
3
8
15
25
30
35
36
37
40
46
49
51
52
55
56
66
69
70
75
76
79
90
102
121
150
58
58
58
58
58
58
58
58
58
58
58
58
58
58
58
10
21
22
25
37
39
43
47
49
53
54
55
56
60
61
62
64
65
69
70
71
72
74
78
92
116
121
135
189
278
59
59
59
59
59
59
59
59
59
59
2
5
9
31
39
40
56
59
65
69
71
72
74
76
78
79
84
88
90
95
96
99
125
144
147
167
60
60
60
60
60
60
60
60
60
60
60
60
60
60
7
15
19
31
36
44
46
49
53
60
64
65
67
73
76
80
86
88
89
114
61
61
61
61
61
61
61
61
61
61
61
61
61
61
61
61
61
61
61
61
36
38
41
42
43
45
53
57
60
66
68
72
77
81
94
99
107
113
165
205
62
62
62
62
62
62
62
62
62
62
62
62
62
62
62
62
62
62
62
62
1
14
18
21
41
45
46
50
56
57
60
61
67
68
70
71
74
77
79
88
89
92
97
98
102
108
116
124
126
127
134
151
209
251
63
63
63
63
63
63
1
11
16
21
25
35
39
42
43
44
45
51
54
64
65
66
69
74
77
79
85
91
99
108
122
127
64
64
64
64
64
64
64
64
64
64
64
64
64
64
1
7
37
40
46
49
52
55
56
58
59
65
70
71
73
75
82
91
115
119
152
65
65
65
65
65
65
65
65
65
65
65
65
65
65
65
65
65
65
65
12
19
30
35
42
49
51
55
56
60
62
68
71
75
78
79
85
87
92
99
100
104
106
109
209
66
66
66
66
66
66
66
66
66
66
66
66
66
66
66
11
32
35
52
55
65
70
75
81
86
90
93
95
104
110
113
122
133
151
214
215
286
67
67
67
67
67
67
67
67
67
67
67
67
67
67
67
67
67
67
0
7
11
23
25
39
41
50
57
60
61
62
68
70
72
77
80
85
88
98
99
157
207
68
68
68
68
68
68
68
68
68
68
68
68
68
68
68
68
68
7
22
24
39
40
58
59
64
67
69
71
75
77
85
87
88
117
121
124
139
158
69
69
69
69
69
69
69
69
69
69
69
69
69
69
69
69
69
69
69
12
14
18
19
23
24
37
38
42
47
54
57
59
62
68
71
73
74
75
76
85
95
102
109
116
119
168
70
70
70
70
70
70
70
70
70
70
70
70
70
12
18
36
53
57
58
63
66
70
74
81
82
83
85
87
88
92
94
98
99
103
108
117
132
135
140
167
212
71
71
71
71
71
71
71
71
71
71
71
71
2
19
37
54
63
69
79
80
82
86
96
98
100
106
108
109
111
114
130
134
143
186
266
72
72
72
72
72
72
72
72
72
72
72
72
72
72
72
72
72
1
15
29
31
48
49
55
58
60
65
66
71
73
74
76
78
79
80
95
96
100
107
121
123
146
216
73
73
73
73
73
73
73
73
73
73
73
73
73
73
15
20
37
42
53
56
58
60
61
62
67
69
70
71
73
74
78
83
84
86
95
106
113
116
117
120
139
174
74
74
74
74
74
74
74
74
74
74
74
74
0
9
26
42
49
53
66
67
70
76
77
81
84
86
92
94
95
96
99
119
127
147
170
188
75
75
75
75
75
75
75
75
75
75
75
75
75
75
75
75
8
20
55
60
63
65
67
72
74
75
77
78
80
85
90
91
94
96
97
99
118
120
126
128
191
254
76
76
76
76
76
76
76
76
76
76
76
76
76
76
34
35
38
42
43
47
50
54
59
62
64
68
69
77
78
83
85
99
106
108
116
124
126
127
132
146
213
77
77
77
77
77
77
77
77
77
77
77
77
77
20
25
28
34
40
45
46
58
59
61
62
66
69
72
73
74
78
80
94
95
98
100
101
107
110
118
126
138
153
158
78
78
78
78
78
78
78
78
78
78
26
53
57
58
62
63
65
70
72
74
75
86
87
89
96
100
129
132
134
141
166
79
79
79
79
79
79
79
79
79
79
79
79
79
79
79
79
79
79
79
33
44
54
62
68
71
73
80
86
88
91
92
98
99
101
118
148
151
174
185
248
80
80
80
80
80
80
80
80
80
80
80
80
80
80
80
80
80
80
80
14
34
46
47
55
58
72
74
85
86
91
92
93
94
98
102
121
122
134
152
210
252
81
81
81
81
81
81
81
81
81
81
81
81
81
81
81
81
81
81
6
9
28
35
41
45
50
58
64
72
78
79
85
87
90
91
94
96
98
103
104
109
128
180
82
82
82
82
82
82
82
82
82
82
82
82
82
82
82
82
6
10
26
44
55
71
77
78
79
82
83
84
85
86
90
93
95
103
116
129
159
160
173
219
318
83
83
83
83
83
83
83
83
83
83
83
83
83
83
83
2
34
35
40
50
55
62
77
82
83
85
87
90
92
100
102
114
117
124
132
140
176
196
215
303
84
84
84
84
84
84
84
84
84
84
84
84
84
84
84
14
17
38
45
56
58
60
62
68
73
75
85
86
88
91
93
116
126
128
134
136
144
158
248
85
85
85
85
85
85
85
85
85
85
85
85
85
85
85
85
16
18
23
25
27
36
38
43
44
51
53
55
64
68
71
73
77
79
80
84
86
88
90
96
99
102
104
106
112
114
124
134
140
157
86
86
86
86
86
86
25
41
47
54
55
58
68
73
76
77
78
79
82
83
86
87
89
90
98
100
106
108
122
125
126
137
152
167
185
243
87
87
87
87
87
87
87
87
87
87
23
25
28
35
66
67
71
78
80
82
84
86
88
89
91
93
101
103
107
109
112
118
123
130
199
88
88
88
88
88
88
88
88
88
88
88
88
88
88
88
9
27
44
51
52
56
70
74
76
77
79
81
83
85
86
87
91
92
96
99
100
104
106
108
110
112
113
117
170
183
194
196
89
89
89
89
89
89
89
89
7
38
44
57
58
60
71
72
74
76
78
80
82
83
86
88
91
94
96
98
99
102
103
104
105
108
110
116
117
140
147
190
90
90
90
90
90
90
90
90
8
19
30
46
47
55
61
70
72
73
74
90
93
94
100
104
114
117
121
125
135
137
142
145
91
91
91
91
91
91
91
91
91
91
91
91
91
91
91
91
5
11
24
38
41
51
62
74
77
78
81
84
86
89
90
93
95
101
106
110
116
119
122
123
134
135
141
142
143
151
160
165
179
193
92
92
92
92
92
92
8
24
32
47
60
69
75
78
82
86
88
93
94
96
97
101
102
128
129
132
138
144
156
166
168
169
175
204
218
222
93
93
93
93
93
93
93
93
93
93
23
36
49
59
72
81
86
88
90
91
92
99
102
108
110
111
113
114
118
131
140
142
154
158
386
94
94
94
94
94
94
94
94
94
94
94
94
94
94
94
23
30
34
43
45
48
51
54
55
58
61
62
63
66
70
71
72
76
78
80
82
83
85
86
89
96
98
99
107
110
121
123
129
156
157
220
223
283
95
95
13
17
27
63
71
72
74
83
86
91
93
96
97
101
104
105
108
111
125
129
136
138
151
189
96
96
96
96
96
96
96
96
96
96
96
96
96
96
96
96
12
37
42
43
56
61
69
72
81
85
86
88
93
96
99
101
102
103
107
109
112
116
120
124
144
146
159
165
97
97
97
97
97
97
97
97
97
97
97
97
9
24
32
37
51
57
58
64
69
76
81
82
83
90
93
95
97
100
101
103
106
111
112
121
127
128
135
147
148
150
160
164
206
299
98
98
98
98
98
98
20
29
46
50
55
66
72
88
95
99
100
102
105
106
109
110
111
114
115
117
124
126
131
142
178
190
215
99
99
99
99
99
99
99
99
99
99
99
99
99
36
64
65
68
75
78
80
81
86
94
95
98
106
110
111
113
123
124
132
147
154
165
170
175
197
100
100
100
100
100
100
100
100
100
100
100
100
100
100
100
9
17
25
34
47
84
91
93
96
97
107
108
119
123
142
166
101
101
101
101
101
101
101
101
101
101
101
101
101
101
101
101
101
101
101
101
101
101
101
101
37
43
64
68
69
70
74
79
90
92
96
97
101
103
104
108
112
124
138
142
151
156
173
231
102
102
102
102
102
102
102
102
102
102
102
102
102
102
102
102
66
70
77
79
83
84
90
92
93
95
96
99
101
105
115
118
120
124
125
126
129
133
136
144
149
150
157
169
186
187
213
103
103
103
103
103
103
103
103
103
40
47
53
55
77
79
81
90
93
104
107
109
112
114
119
120
121
122
125
127
133
135
142
153
157
178
218
104
104
104
104
104
104
104
104
104
104
104
104
104
45
67
79
80
84
85
89
105
106
111
113
116
117
119
125
126
128
132
148
159
105
105
105
105
105
105
105
105
105
105
105
105
105
105
105
105
105
105
105
105
9
19
35
40
49
73
80
81
84
88
90
92
95
101
108
112
117
125
131
133
135
138
145
149
155
162
180
249
106
106
106
106
106
106
106
106
106
106
106
106
24
43
52
84
92
97
99
101
104
105
106
108
112
120
127
131
135
139
150
151
164
166
209
230
277
285
107
107
107
107
107
107
107
107
107
107
107
107
107
107
36
37
41
45
64
73
75
82
94
97
99
101
104
106
107
110
113
118
131
133
137
140
148
159
164
201
207
108
108
108
108
108
108
108
108
108
108
108
108
108
23
54
55
69
72
73
80
86
90
93
94
95
96
101
102
103
104
109
111
121
124
125
129
141
142
143
149
170
182
186
206
109
109
109
109
109
109
109
109
109
8
36
43
60
73
77
80
86
89
95
97
100
102
108
110
113
114
116
120
124
126
132
145
153
172
182
193
239
110
110
110
110
110
110
110
110
110
110
110
110
2
20
56
67
75
79
89
91
94
100
103
109
113
114
116
125
126
129
132
133
199
202
219
233
255
111
111
111
111
111
111
111
111
111
111
111
111
111
111
111
26
43
66
70
78
79
82
86
88
107
109
110
113
115
119
138
141
142
159
165
187
214
112
112
112
112
112
112
112
112
112
112
112
112
112
112
112
112
112
112
13
21
32
37
55
63
77
85
89
90
98
104
105
107
110
111
115
118
121
123
124
128
129
130
135
138
152
153
157
203
229
113
113
113
113
113
113
113
113
113
15
42
47
48
56
74
77
95
97
99
107
108
118
123
125
129
133
138
160
165
168
236
114
114
114
114
114
114
114
114
114
114
114
114
114
114
114
114
114
114
20
27
61
67
86
91
93
102
103
105
110
112
113
115
119
131
132
147
149
156
165
166
177
182
205
206
310
115
115
115
115
115
115
115
115
115
115
115
115
115
31
47
65
70
75
83
92
100
108
120
121
122
133
136
145
147
171
172
173
174
186
191
116
116
116
116
116
116
116
116
116
116
116
116
116
116
116
116
116
116
51
58
62
65
71
72
92
93
104
105
111
115
116
119
121
127
136
138
140
148
152
154
164
165
174
189
191
293
375
117
117
117
117
117
117
117
117
117
117
117
12
16
47
64
77
105
113
114
116
121
122
124
137
138
145
151
157
163
178
179
195
118
118
118
118
118
118
118
118
118
118
118
118
118
118
118
118
118
118
118
45
69
70
71
83
84
93
97
99
104
109
110
116
118
122
126
127
128
137
140
148
152
162
168
178
184
185
191
199
227
119
119
119
119
119
119
119
119
119
119
16
21
68
82
96
104
106
111
115
118
121
123
126
132
135
148
151
170
186
120
120
120
120
120
120
120
120
120
120
120
120
120
120
120
120
120
120
120
120
120
32
69
83
91
99
104
111
115
119
122
125
127
131
132
135
138
156
163
165
199
215
121
121
121
121
121
121
121
121
121
121
121
121
121
121
121
121
121
121
121
70
71
77
84
91
108
110
119
120
122
131
136
142
157
170
172
173
178
179
189
211
216
266
122
122
122
122
122
122
122
122
122
122
122
122
122
122
122
122
122
48
66
84
86
89
91
96
103
106
111
117
120
122
124
130
131
134
139
142
150
211
123
123
123
123
123
123
123
123
123
123
123
123
123
123
123
123
123
123
123
41
48
73
76
77
81
84
87
112
117
120
121
123
124
126
127
130
135
136
137
138
142
149
154
158
160
164
169
178
201
205
209
235
124
124
124
124
124
124
124
32
48
57
95
98
104
109
113
115
117
119
120
121
122
136
137
138
141
145
153
159
174
178
208
125
125
125
125
125
125
125
125
125
125
125
125
125
125
125
125
58
59
64
83
92
95
96
97
109
113
114
116
117
118
121
124
127
129
131
133
135
136
137
139
145
154
163
165
169
195
199
205
126
126
126
126
126
126
126
126
25
68
95
102
111
112
115
116
121
122
123
128
132
153
163
173
177
209
219
316
127
127
127
127
127
127
127
127
127
127
127
127
127
127
127
127
127
127
127
127
11
38
46
59
62
72
86
90
91
112
116
119
121
125
126
128
131
132
133
137
139
140
147
151
166
185
190
228
128
128
128
128
128
128
128
128
128
128
128
128
8
43
55
59
65
74
75
92
101
106
107
110
111
126
127
129
134
135
141
142
160
163
170
172
206
243
129
129
129
129
129
129
129
129
129
129
129
129
129
129
26
27
47
48
80
82
84
86
92
104
105
107
109
115
117
119
121
123
126
130
131
133
138
139
144
157
167
177
185
207
208
215
225
270
130
130
130
130
130
130
43
55
56
69
70
83
99
102
107
110
117
121
123
125
127
129
130
131
137
141
144
146
151
152
184
197
210
215
286
131
131
131
131
131
131
131
131
131
131
131
47
62
68
82
90
93
96
99
108
113
120
126
127
131
133
134
135
138
139
140
143
148
160
167
205
259
323
132
132
132
132
132
132
132
132
132
132
132
132
132
91
103
107
118
127
129
130
135
136
144
146
148
150
155
162
167
169
170
172
176
181
182
191
194
197
228
243
133
133
133
133
133
133
133
133
133
133
133
133
133
44
99
103
113
115
118
120
134
138
140
141
142
143
151
152
154
157
184
223
244
134
134
134
134
134
134
134
134
134
134
134
134
134
134
134
134
134
134
134
134
85
100
109
117
119
122
124
125
129
134
144
150
153
155
173
184
191
203
217
223
226
135
135
135
135
135
135
135
135
135
135
135
135
135
135
135
135
135
135
135
17
31
43
84
86
92
96
98
99
113
133
137
138
145
148
149
152
160
162
163
167
168
185
186
187
203
219
235
250
136
136
136
136
136
136
136
136
136
136
136
79
85
88
99
105
107
115
120
128
132
135
138
139
141
149
150
158
163
170
177
178
179
182
205
216
219
137
137
137
137
137
137
137
137
137
137
137
137
137
137
27
62
105
121
122
124
125
126
128
131
135
136
137
149
155
158
159
161
170
182
184
185
242
246
138
138
138
138
138
138
138
138
138
138
138
138
138
138
138
138
19
38
40
51
88
103
125
126
129
130
132
134
136
140
142
143
152
156
164
168
176
178
220
246
260
139
139
139
139
139
139
139
139
139
139
139
139
139
139
139
66
74
78
87
99
117
120
121
122
126
137
141
142
150
151
155
156
160
167
168
196
202
252
264
266
270
275
140
140
140
140
140
140
140
140
140
140
140
140
140
23
26
37
69
83
88
94
105
108
110
121
129
130
132
135
137
151
153
155
157
172
179
184
203
206
211
259
351
141
141
141
141
141
141
141
141
141
141
141
141
87
115
121
124
142
145
148
153
155
163
171
173
177
198
203
209
210
213
217
256
271
142
142
142
142
142
142
142
142
142
142
142
142
142
142
142
142
142
142
142
77
103
105
107
121
122
124
128
131
137
139
140
145
147
150
153
165
172
175
177
180
181
219
234
292
143
143
143
143
143
143
143
143
143
143
143
143
143
143
143
66
80
94
114
116
117
120
121
130
135
138
149
151
153
160
169
172
183
188
205
228
144
144
144
144
144
144
144
144
144
144
144
144
144
144
144
144
144
144
144
25
46
53
66
76
79
80
83
87
116
117
122
124
126
127
129
132
133
140
144
147
148
151
165
170
171
195
201
202
205
225
145
145
145
145
145
145
145
145
145
11
91
96
97
106
116
130
131
133
136
139
141
142
144
145
148
161
165
169
180
185
188
192
194
195
200
201
204
215
220
285
146
146
146
146
146
146
146
146
146
67
109
110
118
122
123
126
128
129
132
138
142
143
145
146
148
150
152
154
159
169
181
182
185
191
192
306
147
147
147
147
147
147
147
147
147
147
147
147
147
42
74
77
101
120
124
127
129
130
142
147
159
166
170
171
174
177
190
200
222
232
242
246
148
148
148
148
148
148
148
148
148
148
148
148
148
148
148
148
148
73
92
112
123
124
125
131
134
141
143
144
150
154
158
160
161
163
169
170
171
173
174
186
199
216
254
296
149
149
149
149
149
149
149
149
149
149
149
149
149
3
49
70
80
90
101
103
117
118
121
122
125
137
138
143
147
150
151
152
155
158
163
174
180
196
197
199
201
202
209
258
150
150
150
150
150
150
150
150
150
85
87
115
141
143
148
149
150
152
157
161
170
174
196
216
230
151
151
151
151
151
151
151
151
151
151
151
151
151
151
151
151
151
151
151
151
151
151
151
151
23
69
75
90
100
112
115
117
131
140
143
148
149
151
152
155
157
161
164
175
180
183
195
199
201
233
285
152
152
152
152
152
152
152
152
152
152
152
152
152
22
74
78
79
88
106
107
110
113
115
119
120
122
124
134
142
144
146
153
156
157
159
163
168
169
171
174
175
177
185
196
199
207
212
221
224
231
289
317
341
58
65
84
94
123
126
130
134
135
137
138
143
145
146
149
158
160
163
165
176
179
189
193
204
221
228
259
317
393
154
154
154
154
154
154
154
154
154
154
154
30
65
78
114
122
130
132
134
136
144
146
149
152
158
159
163
164
174
183
186
196
199
273
276
302
155
155
155
155
155
155
155
155
155
155
155
155
155
155
155
57
66
103
106
108
116
118
119
123
129
133
134
136
137
146
154
160
163
164
173
174
175
179
183
192
198
199
200
203
220
230
237
250
269
283
303
338
156
156
156
39
83
84
104
116
120
122
144
146
148
149
150
151
154
155
157
158
162
163
164
166
167
168
169
174
175
181
193
200
216
223
157
157
157
157
157
157
157
157
157
88
98
104
106
126
130
132
135
138
139
142
148
153
163
165
170
171
172
176
180
183
225
227
232
233
250
266
273
158
158
158
158
158
158
158
158
158
158
158
158
11
52
76
113
114
115
138
148
152
156
160
164
166
170
173
174
176
182
210
222
224
226
231
238
242
261
159
159
159
159
159
159
159
159
159
159
159
159
159
159
53
84
85
96
101
114
123
124
128
135
138
140
141
143
148
149
153
161
162
166
168
170
176
192
193
195
206
211
217
225
232
239
160
160
160
160
160
160
160
160
27
74
83
85
91
95
97
100
117
120
126
128
135
138
144
158
159
162
170
172
179
180
181
184
189
200
205
210
212
161
161
161
161
161
161
161
161
161
161
161
71
84
105
114
116
131
132
134
135
142
144
147
149
151
157
162
165
168
176
178
186
187
191
194
226
230
244
263
273
325
162
162
162
162
162
162
162
162
162
162
87
98
104
127
128
129
135
136
139
142
143
144
146
147
148
149
154
159
162
163
164
166
167
176
186
201
205
213
215
163
163
163
163
163
163
163
163
163
163
163
37
77
98
116
119
120
129
130
132
140
149
152
160
163
165
169
171
172
178
180
181
183
192
197
226
233
243
260
265
164
164
164
164
164
164
164
164
164
164
164
77
93
105
127
136
156
158
162
163
168
171
173
180
181
183
186
187
189
195
198
200
207
211
236
240
244
292
313
165
165
165
165
165
165
165
165
165
165
165
165
59
68
105
136
142
144
155
156
157
161
162
168
172
175
177
180
181
183
185
190
193
195
197
215
218
226
237
252
364
166
166
166
166
166
166
166
166
166
166
166
90
95
98
107
108
124
135
147
150
155
164
165
166
169
172
173
175
176
179
184
193
195
204
207
213
219
228
239
241
247
167
167
167
167
167
167
167
167
167
167
52
101
120
123
124
136
144
145
146
149
151
155
157
166
167
171
182
185
196
203
207
209
211
224
235
255
314
168
168
168
168
168
168
168
168
168
168
168
168
168
53
63
73
103
113
123
125
137
139
148
149
150
153
158
160
163
166
170
172
182
187
188
195
199
201
202
205
206
211
235
293
169
169
169
169
169
169
169
169
169
98
104
127
131
132
139
141
151
153
156
162
163
168
170
171
174
175
180
181
184
185
194
197
200
201
205
211
212
214
221
223
331
170
170
170
170
170
170
170
170
108
129
137
139
141
150
154
157
158
159
162
166
169
172
177
179
181
183
186
191
202
210
224
230
246
247
171
171
171
171
171
171
171
171
171
171
171
171
171
171
50
86
106
115
116
120
121
125
130
132
134
141
150
152
155
162
164
165
166
167
168
170
173
176
189
195
198
203
205
211
243
254
172
172
172
172
172
172
172
172
85
112
117
125
133
135
136
141
143
145
146
158
161
166
167
171
173
174
182
184
193
196
208
211
212
213
225
231
233
173
173
173
173
173
173
173
173
173
173
173
53
99
100
112
128
131
134
141
145
146
154
158
160
163
170
174
176
183
188
189
191
205
219
248
267
174
174
174
174
174
174
174
174
174
174
174
174
174
174
174
29
88
129
152
158
160
163
166
167
168
169
170
174
180
181
182
186
192
193
199
203
205
236
240
242
264
274
175
175
175
175
175
175
175
175
175
175
175
175
175
65
107
119
136
140
144
147
150
157
160
169
171
172
174
175
176
177
185
187
190
195
197
227
263
176
176
176
176
176
176
176
176
176
176
176
176
176
176
176
176
76
98
119
135
148
152
165
173
174
176
178
184
191
196
200
218
221
240
289
310
177
177
177
177
177
177
177
177
177
177
177
177
177
177
177
177
177
177
177
177
105
106
123
140
142
151
153
158
161
165
166
173
174
175
181
184
198
199
203
205
208
220
224
277
288
289
327
178
178
178
178
178
178
178
178
178
178
178
178
178
7
90
112
126
127
129
133
137
154
156
162
166
173
176
177
179
190
191
210
211
214
215
226
234
235
238
263
361
363
179
179
179
179
179
179
179
179
179
179
179
26
63
73
101
106
127
129
141
142
150
153
154
156
166
167
172
173
175
177
180
184
186
188
193
203
205
206
215
251
296
180
180
180
180
180
180
180
180
180
180
100
130
161
169
171
173
176
179
182
184
185
186
190
191
192
196
198
202
206
212
233
234
237
238
243
250
268
283
181
181
181
181
181
181
181
181
181
181
181
181
22
91
108
134
140
146
150
154
161
165
178
180
184
185
195
202
206
213
216
221
248
249
275
182
182
182
182
182
182
182
182
182
182
182
182
182
182
182
182
182
50
125
138
139
152
157
158
162
168
188
191
209
213
217
220
234
257
258
273
281
318
326
183
183
183
183
183
183
183
183
183
183
183
183
183
183
183
183
183
183
4
82
112
116
123
126
127
143
153
156
166
171
172
181
182
184
187
194
197
201
204
206
207
215
228
247
302
184
184
184
184
184
184
184
184
184
184
184
184
184
28
117
121
132
146
147
153
154
156
159
160
161
163
169
185
192
195
196
197
207
209
210
214
223
229
232
242
250
299
185
185
185
185
185
185
185
185
185
185
185
86
112
137
145
150
151
160
167
172
181
183
185
187
191
196
205
206
208
221
249
253
262
319
186
186
186
186
186
186
186
186
186
186
186
186
186
186
186
186
186
81
100
142
153
156
162
169
171
173
181
182
186
188
191
192
193
194
195
203
204
206
220
226
227
288
187
187
187
187
187
187
187
187
187
187
187
187
187
187
187
13
97
110
117
133
153
168
178
183
186
190
194
196
205
214
242
248
252
268
310
313
316
188
188
188
188
188
188
188
188
188
188
188
188
188
188
188
188
188
188
93
113
127
137
141
153
171
174
179
182
190
191
193
199
206
217
220
222
224
291
292
189
189
189
189
189
189
189
189
189
189
189
189
189
189
189
189
189
189
189
11
77
104
125
131
153
155
157
158
168
172
174
180
182
183
187
188
200
204
209
210
211
212
213
220
223
224
248
271
321
392
190
190
190
190
190
190
190
190
190
84
160
162
171
173
179
181
183
184
188
191
193
194
195
201
204
208
211
214
215
216
220
223
191
191
191
191
191
191
191
191
191
191
191
191
191
191
191
191
191
111
117
119
120
121
138
141
147
149
151
160
163
165
171
176
180
181
183
185
186
194
199
200
202
204
205
206
216
217
218
228
236
239
257
263
273
291
192
192
192
60
62
111
120
136
142
143
144
146
156
163
164
166
177
180
183
184
185
188
192
193
198
202
220
223
240
246
251
254
193
193
193
193
193
193
193
193
193
193
193
65
82
97
102
117
118
119
125
149
150
155
173
187
189
190
192
197
199
203
218
220
222
224
235
236
253
194
194
194
194
194
194
194
194
194
194
194
194
194
194
116
139
148
152
155
156
158
160
161
166
169
174
175
178
183
184
189
193
197
198
207
209
214
223
225
228
231
243
251
255
259
264
290
292
297
195
195
195
195
195
35
135
142
150
157
169
170
172
175
176
181
183
185
191
194
195
197
199
217
225
227
229
235
243
245
246
252
260
261
283
331
196
196
196
196
196
196
196
196
196
135
157
165
177
180
184
193
195
197
199
202
203
204
205
206
210
211
217
221
222
224
228
229
236
239
256
271
296
330
197
197
197
197
197
197
197
197
197
197
197
116
124
132
166
174
175
181
185
192
193
194
198
202
212
214
215
241
248
256
262
378
198
198
198
198
198
198
198
198
198
198
198
198
198
198
198
198
198
198
198
101
128
134
149
151
160
162
168
170
179
180
181
182
186
190
191
193
194
195
198
201
203
208
215
216
217
220
221
228
260
291
301
303
338
199
199
199
199
199
199
84
96
102
118
150
159
165
173
174
175
180
181
182
196
209
219
228
234
235
242
252
259
280
311
338
200
200
200
200
200
200
200
200
200
200
200
200
200
200
200
122
129
143
149
156
161
162
163
171
186
188
191
197
198
199
201
202
204
207
208
211
215
250
270
272
274
277
279
308
201
201
201
201
201
201
201
201
201
201
201
64
73
88
91
159
162
164
169
172
177
181
182
186
188
191
195
201
204
206
218
219
233
237
240
241
250
261
272
276
293
305
202
202
202
202
202
202
202
202
202
77
102
116
154
162
164
173
176
177
185
187
200
201
205
211
213
214
219
220
225
231
246
249
254
256
259
272
273
324
339
203
203
203
203
203
203
203
203
203
203
74
118
121
134
153
167
172
174
176
177
179
191
193
195
198
202
204
205
206
209
211
213
215
221
229
234
238
262
264
269
283
285
291
312
204
204
204
204
204
204
40
80
84
123
135
146
148
149
158
171
178
180
181
182
191
201
203
210
214
216
219
221
223
227
232
234
239
246
257
271
295
205
205
205
205
205
205
205
205
205
78
111
120
130
132
133
136
143
146
147
162
168
170
171
172
177
183
185
190
196
199
200
201
204
206
207
208
209
211
221
224
225
239
249
253
255
259
263
206
206
14
89
134
142
146
151
163
164
165
167
168
180
188
193
199
203
213
214
223
225
229
232
233
235
236
238
241
256
258
261
265
276
277
351
207
207
207
207
207
207
99
134
153
154
168
170
175
178
183
186
191
192
194
199
202
205
208
220
223
229
251
252
253
275
293
340
382
208
208
208
208
208
208
208
208
208
208
208
208
208
63
134
140
149
163
166
177
180
181
183
184
188
189
190
197
202
204
207
208
209
211
214
216
226
243
249
250
287
302
306
209
209
209
209
209
209
209
209
209
209
49
122
131
153
167
177
185
186
195
196
204
206
211
212
215
217
219
235
238
249
252
255
275
210
210
210
210
210
210
210
210
210
210
210
210
210
210
210
210
210
75
108
124
128
132
143
146
147
156
160
168
173
185
188
189
198
201
213
214
215
217
218
219
221
223
225
229
234
248
249
251
253
271
272
277
324
211
211
211
211
100
112
116
139
159
160
167
168
178
189
197
201
202
203
204
206
210
214
217
219
220
221
226
234
235
243
271
277
309
310
321
323
398
212
212
212
212
212
212
212
104
133
143
156
174
176
179
188
189
190
193
202
214
223
225
232
233
241
243
245
248
251
267
269
360
213
213
213
213
213
213
213
213
213
213
213
213
213
213
213
113
119
133
156
164
180
185
194
198
199
209
213
215
217
219
220
222
223
230
235
237
240
257
258
260
214
214
214
214
214
214
214
214
214
214
214
214
214
214
214
110
144
150
158
167
181
185
194
195
205
206
208
211
218
220
223
226
231
236
241
244
247
255
269
285
297
315
215
215
215
215
215
215
215
215
215
215
215
215
215
106
118
165
179
185
190
196
201
204
206
213
222
235
236
237
241
246
256
272
276
308
216
216
216
216
216
216
216
216
216
216
216
216
216
216
216
216
216
216
216
97
143
176
184
185
187
188
191
192
197
198
202
203
211
213
218
220
225
227
235
241
256
259
304
333
217
217
217
217
217
217
217
217
217
217
217
217
217
217
217
62
106
124
146
161
173
175
178
184
185
190
198
199
204
205
206
208
210
212
214
215
217
218
221
225
228
231
236
238
247
269
280
284
337
218
218
218
218
218
218
113
121
153
157
182
185
187
195
212
219
221
224
228
230
233
235
242
245
248
253
257
262
269
284
286
292
301
302
391
219
219
219
219
219
219
219
219
219
219
219
127
152
168
185
188
201
203
211
213
216
217
220
223
226
229
241
247
255
268
273
278
280
293
301
303
315
220
220
220
220
220
220
220
220
220
220
220
220
220
220
73
124
127
147
177
180
186
187
189
196
198
199
200
201
205
207
209
212
218
219
224
229
231
238
240
244
245
246
256
258
267
270
274
280
283
325
221
221
221
221
111
145
152
172
181
193
197
198
205
206
207
208
216
218
222
224
227
232
239
247
255
258
260
286
307
313
351
222
222
222
222
222
222
222
222
222
222
222
222
222
161
171
190
193
199
202
203
204
209
211
212
213
214
216
219
220
222
225
226
229
241
247
249
255
258
268
271
276
277
288
297
300
305
311
371
223
223
223
223
223
75
131
145
150
157
166
175
183
187
188
193
198
203
204
205
208
215
216
217
220
221
223
229
235
236
246
250
257
259
265
278
297
342
224
224
224
224
224
224
224
32
134
136
137
145
165
179
188
191
207
208
209
210
212
216
219
225
229
230
232
236
241
246
250
253
258
262
271
281
293
298
311
339
225
225
225
225
225
225
225
183
193
196
198
208
211
212
214
219
220
224
225
234
243
249
252
253
256
261
274
275
276
280
281
286
348
349
226
226
226
226
226
226
226
226
226
226
226
226
226
60
91
102
198
206
207
211
212
213
214
215
219
223
227
231
232
233
237
238
242
246
248
257
261
262
265
267
276
284
346
356
390
227
227
227
227
227
227
227
227
89
171
174
177
182
184
196
197
203
205
225
226
231
232
234
235
237
242
245
246
248
252
253
257
258
261
262
304
313
345
374
228
228
228
228
228
228
228
228
228
101
108
170
174
184
185
201
208
209
212
213
214
218
220
221
222
226
227
228
230
232
233
239
243
249
259
285
305
306
316
350
229
229
229
229
229
229
229
229
229
50
79
101
103
130
139
174
178
180
184
197
207
221
229
241
246
253
255
260
266
313
332
230
230
230
230
230
230
230
230
230
230
230
230
230
230
230
230
230
230
136
140
147
153
181
191
197
209
211
214
219
225
230
231
232
234
235
237
239
240
245
256
262
270
273
277
296
297
306
327
231
231
231
231
231
231
231
231
231
231
136
153
172
181
185
187
197
198
218
232
238
239
242
243
245
246
265
266
232
232
232
232
232
232
232
232
232
232
232
232
232
232
232
232
232
232
232
232
232
232
133
139
172
213
214
218
220
229
231
232
241
244
245
256
263
270
272
279
280
311
341
351
358
233
233
233
233
233
233
233
233
233
233
233
233
233
233
233
233
233
73
165
172
176
184
191
197
211
212
213
214
225
228
230
235
237
245
246
247
249
257
261
274
285
296
315
318
381
395
234
234
234
234
234
234
234
234
234
234
234
88
178
205
208
209
216
219
221
223
225
226
228
233
238
243
249
250
251
252
274
278
279
349
365
235
235
235
235
235
235
235
235
235
235
235
235
235
235
235
235
152
166
174
180
205
222
224
227
230
233
234
236
242
246
248
251
252
257
262
263
265
266
267
268
273
274
276
278
282
286
291
306
391
236
236
236
236
236
236
236
183
206
217
220
231
233
234
244
249
250
254
256
264
278
287
304
309
237
237
237
237
237
237
237
237
237
237
237
237
237
237
237
237
237
237
237
237
237
237
237
99
125
139
186
217
218
223
225
230
231
234
235
237
238
242
244
250
253
257
275
279
289
297
299
315
316
319
329
238
238
238
238
238
238
238
238
238
238
238
238
138
144
166
184
194
197
204
221
226
232
233
234
235
238
239
242
246
247
252
253
261
270
272
276
279
286
288
300
308
239
239
239
239
239
239
239
239
239
239
239
169
175
195
196
198
201
202
203
204
209
211
217
218
228
231
240
244
250
252
254
257
258
263
264
274
277
278
281
283
286
288
289
297
323
338
341
240
240
240
240
38
78
121
151
193
195
197
205
214
223
227
235
236
238
242
250
256
264
282
291
303
317
329
332
342
378
241
241
241
241
241
241
241
241
241
241
241
241
241
241
124
180
187
201
203
210
212
216
219
224
225
235
238
240
242
263
267
274
276
281
282
287
289
306
307
327
341
242
242
242
242
242
242
242
242
242
242
242
242
242
176
199
201
210
215
217
220
228
229
230
234
238
249
253
254
256
257
259
268
269
271
274
287
290
318
322
348
243
243
243
243
243
243
243
243
243
243
243
243
243
131
139
153
155
158
164
210
211
213
216
217
235
237
238
239
240
244
250
255
256
263
264
265
267
268
269
272
274
287
292
317
244
244
244
244
244
244
244
244
244
105
175
192
206
208
221
226
228
232
233
238
240
242
245
248
252
253
266
270
277
278
279
281
288
358
362
378
245
245
245
245
245
245
245
245
245
245
245
245
245
69
151
161
178
188
201
202
205
217
231
235
239
240
244
247
255
256
257
259
261
265
267
268
269
282
286
313
348
375
246
246
246
246
246
246
246
246
246
246
246
152
195
199
205
219
229
230
233
235
238
241
242
243
244
245
247
250
258
261
263
265
278
281
282
296
303
310
336
247
247
247
247
247
247
247
247
247
247
247
247
144
145
154
165
173
181
204
210
222
231
234
240
244
248
249
257
258
263
265
267
270
271
274
276
281
282
293
297
301
309
328
248
248
248
248
248
248
248
248
248
99
157
164
168
173
183
202
216
218
232
237
242
243
247
250
260
261
262
275
288
292
294
296
298
307
309
321
332
364
249
249
249
249
249
249
249
249
249
249
249
71
196
206
207
217
219
234
236
240
242
248
250
253
256
259
263
269
271
277
279
289
311
346
360
395
250
250
250
250
250
250
250
250
250
250
250
250
250
250
250
157
158
164
179
204
212
219
224
226
227
229
240
245
247
254
256
261
266
273
288
289
292
300
315
343
251
251
251
251
251
251
251
251
251
251
251
251
251
251
251
139
168
171
199
205
207
239
240
242
243
244
251
254
255
257
259
260
264
274
276
283
291
312
315
319
326
328
330
336
372
380
391
252
252
252
252
252
252
252
252
81
157
167
172
179
183
207
231
237
247
249
250
251
255
258
260
262
266
270
271
286
298
299
310
323
253
253
253
253
253
253
253
253
253
253
253
253
253
253
253
146
163
175
190
217
232
234
235
240
243
244
247
249
252
254
256
260
262
263
266
270
271
272
274
280
298
319
321
322
328
335
369
254
254
254
254
254
254
254
254
111
117
122
130
196
204
209
221
223
227
230
233
235
249
258
261
272
273
284
316
327
255
255
255
255
255
255
255
255
255
255
255
255
255
255
255
255
255
255
255
142
199
201
203
217
226
229
232
236
245
249
253
255
256
258
269
272
274
276
280
297
308
314
333
378
256
256
256
256
256
256
256
256
256
256
256
256
256
256
256
128
141
184
198
209
218
224
230
234
238
241
247
248
249
258
259
260
265
266
272
322
345
257
257
257
257
257
257
257
257
257
257
257
257
257
257
257
257
257
257
124
140
166
194
202
216
219
226
228
242
249
253
255
257
263
264
265
271
276
284
285
303
306
384
258
258
258
258
258
258
258
258
258
258
258
258
258
258
258
258
79
156
167
180
183
186
203
228
235
243
247
249
251
252
259
261
262
263
265
271
279
297
314
321
325
334
259
259
259
259
259
259
259
259
259
259
259
259
259
259
210
219
232
239
240
241
242
244
246
247
256
260
261
263
264
268
271
280
284
285
287
295
301
306
308
313
325
334
335
348
380
260
260
260
260
260
260
260
260
260
149
174
192
197
199
206
219
221
225
230
233
237
238
244
247
248
256
259
260
306
313
318
364
261
261
261
261
261
261
261
261
261
261
261
261
261
261
261
261
261
160
179
192
230
246
250
255
260
262
263
266
267
270
272
275
284
287
295
306
308
313
316
326
336
348
355
387
262
262
262
262
262
262
262
262
262
262
262
262
262
147
155
174
202
207
242
247
248
249
256
257
260
275
276
277
286
300
308
314
321
365
388
263
263
263
263
263
263
263
263
263
263
263
263
263
263
263
263
263
263
45
50
111
161
171
208
229
231
242
243
248
251
254
257
258
260
263
265
266
268
273
277
278
280
282
291
302
303
322
347
376
264
264
264
264
264
264
264
264
264
174
178
202
204
206
211
213
221
226
227
228
233
244
247
253
257
259
261
263
266
270
273
274
280
285
302
304
306
315
316
320
327
351
375
265
265
265
265
265
265
185
191
211
214
217
231
233
238
241
243
244
248
249
250
253
255
256
260
261
264
265
269
278
279
280
281
283
284
300
303
304
328
379
394
266
266
266
266
266
266
198
209
218
221
225
236
239
250
261
262
263
264
265
270
281
285
287
289
291
293
294
302
306
311
312
315
347
376
377
267
267
267
267
267
267
267
267
267
267
267
137
151
186
192
227
229
258
260
261
267
273
279
289
291
317
318
268
268
268
268
268
268
268
268
268
268
268
268
268
268
268
268
268
268
268
268
268
268
268
268
142
165
192
210
225
228
237
238
244
254
257
261
264
266
267
270
276
279
291
296
297
299
303
307
336
350
383
396
269
269
269
269
269
269
269
269
269
269
269
269
138
172
174
202
221
223
227
234
237
242
249
252
255
262
263
265
266
269
271
274
277
278
279
283
284
288
291
295
309
323
331
270
270
270
270
270
270
270
270
270
138
169
174
193
199
220
228
232
239
246
249
267
268
275
278
281
282
285
290
295
296
302
315
320
330
271
271
271
271
271
271
271
271
271
271
271
271
271
271
271
132
180
188
192
193
194
224
227
235
239
247
256
258
264
265
268
271
272
277
280
281
287
288
289
291
292
296
297
304
305
306
312
314
339
377
272
272
272
272
272
190
204
229
232
239
242
243
248
251
256
259
266
270
271
279
283
299
319
335
352
357
378
397
273
273
273
273
273
273
273
273
273
273
273
273
273
273
273
273
273
157
211
222
234
236
240
248
249
251
252
253
261
267
269
270
272
274
275
277
278
281
285
286
288
291
296
301
305
308
313
314
351
359
274
274
274
274
274
274
274
121
152
220
225
229
231
236
238
249
254
266
269
272
275
279
281
293
301
303
304
322
329
330
333
338
371
377
275
275
275
275
275
275
275
275
275
275
275
275
275
110
176
193
196
206
208
217
233
248
252
255
256
269
270
272
278
282
283
290
291
292
293
307
316
317
321
328
360
387
276
276
276
276
276
276
276
276
276
276
276
183
207
229
231
239
249
251
254
255
259
265
266
267
269
270
273
275
279
284
287
293
295
296
297
300
301
322
329
331
332
345
381
277
277
277
277
277
277
277
277
166
175
193
205
233
241
244
248
252
255
256
260
266
270
272
273
274
276
277
278
279
280
282
287
288
289
293
294
297
298
303
311
322
329
336
340
355
278
278
278
160
202
227
232
251
253
263
264
265
271
273
274
277
281
284
286
287
288
291
294
299
300
305
317
318
320
329
389
279
279
279
279
279
279
279
279
279
279
279
279
175
186
208
225
228
235
238
245
248
249
253
261
266
267
274
279
280
283
285
292
294
295
296
307
309
312
319
325
354
359
368
280
280
280
280
280
280
280
280
280
103
163
171
185
188
195
207
210
212
239
247
252
257
267
269
270
275
276
284
290
292
293
296
306
316
320
339
355
356
398
281
281
281
281
281
281
281
281
281
281
183
227
236
237
241
243
245
254
257
258
263
264
267
272
273
279
291
299
301
308
314
316
349
370
378
282
282
282
282
282
282
282
282
282
282
282
282
282
282
282
206
216
220
230
247
258
261
268
269
275
276
278
280
283
301
302
305
310
321
345
360
371
283
283
283
283
283
283
283
283
283
283
283
283
283
283
283
283
283
283
194
207
209
219
241
267
270
274
276
279
281
283
284
290
293
294
297
299
303
308
322
339
347
353
359
364
376
377
284
284
284
284
284
284
284
284
284
284
284
284
210
228
229
231
243
252
256
259
268
272
278
280
282
283
284
285
286
288
289
291
293
296
300
303
305
309
313
318
331
336
350
354
285
285
285
285
285
285
285
285
90
144
200
233
238
240
246
257
261
264
267
272
273
274
281
282
284
285
286
288
289
292
293
297
302
304
308
314
322
325
331
351
363
374
286
286
286
286
286
286
169
175
179
189
200
208
219
221
235
241
243
249
256
266
272
273
276
279
280
284
285
287
292
296
298
301
308
316
326
345
356
391
392
287
287
287
287
287
287
287
177
185
201
206
217
241
249
268
284
286
289
294
298
299
303
304
305
307
311
318
347
349
366
371
375
288
288
288
288
288
288
288
288
288
288
288
288
288
288
288
111
204
222
233
241
242
245
251
252
267
268
287
291
296
300
305
306
307
309
313
315
317
329
331
347
350
351
289
289
289
289
289
289
289
289
289
289
289
289
289
188
216
245
247
250
253
275
276
281
286
289
290
291
293
294
301
303
309
316
319
327
331
335
338
359
392
290
290
290
290
290
290
290
290
290
290
290
290
290
290
179
192
205
214
216
232
244
256
260
281
282
284
285
286
291
293
295
296
302
304
308
311
312
321
328
334
349
381
291
291
291
291
291
291
291
291
291
291
291
291
149
199
235
238
239
243
252
270
273
282
289
294
295
296
297
306
311
312
313
319
322
330
333
338
344
292
292
292
292
292
292
292
292
292
292
292
292
292
292
292
132
196
208
241
245
253
259
260
261
263
264
266
267
271
276
280
283
290
291
292
294
302
303
306
312
314
319
321
359
360
370
293
293
293
293
293
293
293
293
293
191
211
231
254
257
264
267
276
278
289
290
293
294
297
303
305
308
314
325
326
330
334
336
362
294
294
294
294
294
294
294
294
294
294
294
294
294
294
294
294
108
201
237
259
260
265
269
275
290
292
293
295
296
306
309
323
325
326
347
349
350
366
383
393
295
295
295
295
295
295
295
295
295
295
295
295
295
295
295
295
220
222
223
246
249
262
264
266
276
277
282
287
291
302
306
309
312
315
321
343
364
391
296
296
296
296
296
296
296
296
296
296
296
296
296
296
296
296
296
296
191
210
227
266
275
277
281
284
285
289
290
291
293
298
299
302
311
316
318
320
327
328
335
339
365
386
297
297
297
297
297
297
297
297
297
297
297
297
297
297
155
158
170
240
252
255
268
269
273
277
281
285
290
291
293
294
295
305
307
312
315
320
321
329
331
353
359
298
298
298
298
298
298
298
298
298
298
298
298
298
159
187
191
224
238
239
245
262
271
274
283
291
292
293
298
299
303
304
308
309
310
315
318
321
330
338
359
360
363
376
384
299
299
299
299
299
299
299
299
299
147
225
228
240
243
259
267
268
271
273
274
275
279
287
293
295
302
306
308
314
318
322
324
325
326
334
336
340
360
367
369
372
300
300
300
300
300
300
300
300
221
222
238
247
260
272
282
289
290
292
301
304
309
319
322
324
327
341
348
354
359
360
301
301
301
301
301
301
301
301
301
301
301
301
301
301
301
301
301
301
131
137
213
230
237
238
243
256
273
277
290
291
301
316
318
319
320
322
324
330
333
355
359
366
388
302
302
302
302
302
302
302
302
302
302
302
302
302
302
302
93
218
254
260
266
271
272
282
283
285
290
294
296
298
300
301
306
308
312
317
323
328
331
335
336
337
338
345
352
365
382
386
390
303
303
303
303
303
303
303
160
217
237
260
265
267
270
272
274
284
288
293
297
298
302
316
317
320
343
349
351
352
371
304
304
304
304
304
304
304
304
304
304
304
304
304
304
304
304
304
198
223
237
241
253
259
268
279
284
288
293
300
307
308
312
313
314
315
323
339
343
353
355
305
305
305
305
305
305
305
305
305
305
305
305
305
305
305
305
305
150
193
232
261
262
264
277
285
290
298
301
304
307
310
311
312
314
315
318
320
322
333
336
348
372
306
306
306
306
306
306
306
306
306
306
306
306
306
306
306
218
239
251
266
280
281
285
286
291
295
300
302
304
305
308
310
312
314
315
317
319
321
334
336
344
346
353
355
397
307
307
307
307
307
307
307
307
307
307
307
124
176
205
223
257
263
267
273
275
276
278
284
291
294
297
301
303
304
310
313
317
320
324
327
332
339
389
394
308
308
308
308
308
308
308
308
308
308
308
308
218
244
257
261
267
289
293
298
299
300
306
307
312
313
314
315
334
339
340
365
373
378
309
309
309
309
309
309
309
309
309
309
309
309
309
309
309
309
309
309
198
225
264
278
281
283
286
287
294
298
301
305
309
310
311
315
316
318
323
325
329
331
335
337
343
354
362
376
377
384
390
392
310
310
310
310
310
310
310
310
238
245
275
279
289
291
293
294
296
299
300
302
303
304
312
318
325
340
359
362
311
311
311
311
311
311
311
311
311
311
311
311
311
311
311
311
311
311
311
311
221
235
258
262
267
279
280
287
292
293
298
301
302
303
310
313
318
323
325
326
336
337
338
339
346
354
387
312
312
312
312
312
312
312
312
312
312
312
312
312
244
246
263
277
281
290
293
294
296
298
306
307
308
322
325
332
333
335
345
350
354
358
366
368
397
313
313
313
313
313
313
313
313
313
313
313
313
313
313
313
157
208
240
248
255
271
275
278
280
281
282
286
288
290
297
303
305
309
310
315
316
318
323
327
329
330
331
340
345
346
352
357
359
365
367
385
314
314
314
314
171
176
202
225
242
263
266
274
287
291
294
295
297
299
300
304
306
316
320
322
323
327
337
346
367
370
315
315
315
315
315
315
315
315
315
315
315
315
315
315
232
236
247
271
284
290
292
295
302
306
307
309
314
320
324
325
329
331
333
338
341
358
388
390
316
316
316
316
316
316
316
316
316
316
316
316
316
316
316
316
225
232
235
257
266
268
278
279
286
287
288
294
306
307
308
313
315
316
318
319
323
336
337
341
347
348
374
384
392
397
317
317
317
317
317
317
317
317
317
317
212
266
283
299
300
301
303
307
311
313
315
321
323
331
332
336
343
346
361
364
394
395
318
318
318
318
318
318
318
318
318
318
318
318
318
318
318
318
318
318
204
280
283
286
287
290
297
307
309
311
316
318
321
324
330
334
341
343
344
353
361
363
379
392
319
319
319
319
319
319
319
319
319
319
319
319
319
319
319
319
37
202
229
234
262
265
268
283
291
295
296
304
310
313
318
320
323
324
325
326
327
328
329
330
332
334
335
336
338
342
345
348
358
365
376
394
320
320
320
320
205
229
262
267
281
282
298
303
304
315
316
321
323
324
329
332
360
364
388
390
396
399
321
321
321
321
321
321
321
321
321
321
321
321
321
321
321
321
321
321
175
181
232
247
281
297
304
306
307
309
310
314
315
316
317
319
320
321
327
330
333
338
347
348
357
366
380
382
385
394
397
322
322
322
322
322
322
322
322
322
243
248
268
282
284
293
299
302
303
304
307
310
311
312
318
319
320
323
325
327
330
333
346
352
354
358
381
383
323
323
323
323
323
323
323
323
323
323
323
323
191
223
229
233
252
263
266
286
292
295
297
306
307
314
316
317
323
325
329
330
333
334
338
346
348
351
361
367
377
380
381
394
395
324
324
324
324
324
324
324
235
237
266
275
277
279
282
294
306
310
315
317
318
321
323
327
328
329
334
335
337
339
349
367
388
325
325
325
325
325
325
325
325
325
325
325
325
325
325
325
215
281
299
300
307
308
311
319
321
323
324
326
336
337
339
341
343
349
357
365
370
375
381
389
326
326
326
326
326
326
326
326
326
326
326
326
326
326
326
326
199
271
302
305
311
316
318
319
324
333
335
343
344
345
347
361
367
376
386
391
327
327
327
327
327
327
327
327
327
327
327
327
327
327
327
327
327
327
327
327
156
225
248
249
260
268
271
291
302
305
306
307
311
312
315
320
323
324
330
333
335
337
341
344
345
350
355
356
387
328
328
328
328
328
328
328
328
328
328
328
243
284
287
289
294
300
302
308
313
315
319
323
326
330
332
333
334
335
337
338
339
340
343
349
354
355
365
370
371
399
329
329
329
329
329
329
329
329
329
329
216
232
272
282
289
300
301
305
313
315
319
326
329
331
335
338
346
355
357
366
371
376
382
388
397
330
330
330
330
330
330
330
330
330
330
330
330
330
330
330
254
279
285
286
312
314
315
316
318
323
331
332
333
334
336
341
349
354
356
357
372
377
399
331
331
331
331
331
331
331
331
331
331
331
331
331
331
331
331
331
178
250
280
286
288
292
308
317
329
331
332
342
348
351
364
377
381
332
332
332
332
332
332
332
332
332
332
332
332
332
332
332
332
332
332
332
332
332
332
332
257
291
293
294
303
306
308
313
315
316
317
318
322
324
329
332
339
354
356
357
359
377
378
387
391
394
333
333
333
333
333
333
333
333
333
333
333
333
333
333
149
176
232
249
283
303
313
321
324
330
334
335
337
338
340
341
343
344
345
352
355
356
364
391
334
334
334
334
334
334
334
334
334
334
334
334
334
334
334
334
176
241
276
280
282
290
297
312
317
319
320
327
331
334
337
339
381
398
335
335
335
335
335
335
335
335
335
335
335
335
335
335
335
335
335
335
335
335
335
335
219
247
250
259
275
276
291
299
305
307
321
325
328
332
339
341
343
353
359
360
366
370
374
381
385
394
396
336
336
336
336
336
336
336
336
336
336
336
336
336
224
237
273
274
275
277
284
287
297
303
305
307
308
313
325
330
332
333
335
336
341
343
359
360
362
377
386
337
337
337
337
337
337
337
337
337
337
337
337
337
193
243
274
279
292
296
308
310
315
319
323
324
327
332
337
338
341
343
344
351
354
355
366
374
378
386
390
399
338
338
338
338
338
338
338
338
338
338
338
338
193
295
298
300
303
307
314
334
336
340
342
343
345
349
351
353
354
358
359
362
374
385
390
339
339
339
339
339
339
339
339
339
339
339
339
339
339
339
339
339
237
268
271
278
284
285
294
297
309
324
332
334
336
340
342
344
345
351
356
365
372
375
396
340
340
340
340
340
340
340
340
340
340
340
340
340
340
340
340
340
240
254
271
273
286
304
309
316
320
324
325
329
331
333
335
338
340
342
348
360
368
380
390
394
398
341
341
341
341
341
341
341
341
341
341
341
341
341
341
341
269
270
285
314
323
325
327
328
330
332
334
338
340
342
348
351
352
353
354
356
357
358
362
364
371
380
390
391
392
342
342
342
342
342
342
342
342
342
342
342
206
254
262
263
267
294
310
316
323
324
334
335
340
341
342
343
351
353
357
359
366
370
380
382
343
343
343
343
343
343
343
343
343
343
343
343
343
343
343
343
267
311
319
325
331
335
336
337
339
342
346
347
350
351
352
361
366
370
377
383
391
392
344
344
344
344
344
344
344
344
344
344
344
344
344
344
344
344
344
344
153
202
240
243
287
290
298
299
307
315
324
326
329
330
331
332
335
336
337
338
339
342
346
353
354
355
360
365
366
367
371
374
383
397
345
345
345
345
345
345
263
282
297
299
318
323
340
342
345
346
348
350
354
359
368
372
373
377
396
346
346
346
346
346
346
346
346
346
346
346
346
346
346
346
346
346
346
346
346
346
210
239
275
287
299
300
305
312
317
319
328
331
333
334
339
342
355
360
363
372
374
379
383
390
391
392
396
347
347
347
347
347
347
347
347
347
347
347
347
347
264
267
310
322
323
331
342
344
352
358
363
365
372
382
397
348
348
348
348
348
348
348
348
348
348
348
348
348
348
348
348
348
348
348
348
348
348
348
348
348
256
267
271
281
286
296
304
310
320
326
327
332
333
335
336
337
340
346
349
350
351
356
360
365
367
370
373
374
377
380
381
386
392
349
349
349
349
349
349
349
232
300
314
322
326
334
340
342
343
345
348
349
353
354
357
358
359
364
366
369
397
350
350
350
350
350
350
350
350
350
350
350
350
350
350
350
350
350
350
350
250
270
290
297
304
314
319
326
332
341
348
353
355
360
362
363
366
370
371
389
390
351
351
351
351
351
351
351
351
351
351
351
351
351
351
351
351
351
351
351
252
260
280
316
321
324
327
334
335
339
340
343
350
353
355
357
367
380
384
385
390
396
352
352
352
352
352
352
352
352
352
352
352
352
352
352
352
352
352
352
225
259
274
303
313
318
319
326
327
329
333
341
344
348
349
351
354
357
358
366
386
353
353
353
353
353
353
353
353
353
353
353
353
353
353
353
353
353
353
353
113
252
265
266
277
317
325
336
342
343
344
347
348
349
352
355
356
357
358
362
363
365
367
368
370
372
374
376
377
381
383
354
354
354
354
354
354
354
354
354
234
276
281
290
299
307
326
328
332
338
340
343
344
351
354
358
360
365
367
368
371
376
380
382
385
395
355
355
355
355
355
355
355
355
355
355
355
355
355
355
219
239
271
276
295
305
308
343
347
348
351
354
363
364
365
370
374
377
391
397
356
356
356
356
356
356
356
356
356
356
356
356
356
356
356
356
356
356
356
356
300
311
316
317
330
337
347
365
367
371
376
379
384
386
395
357
357
357
357
357
357
357
357
357
357
357
357
357
357
357
357
357
357
357
357
357
357
357
357
357
218
278
291
292
311
320
324
326
330
331
332
333
337
341
342
351
354
360
362
365
367
369
381
388
393
398
358
358
358
358
358
358
358
358
358
358
358
358
358
358
298
299
300
325
328
333
334
335
339
343
351
352
357
365
367
368
373
374
378
359
359
359
359
359
359
359
359
359
359
359
359
359
359
359
359
359
359
359
359
359
268
290
302
303
305
315
341
342
344
350
354
359
370
372
381
388
396
360
360
360
360
360
360
360
360
360
360
360
360
360
360
360
360
360
360
360
360
360
360
360
248
269
271
275
285
293
295
305
312
322
335
340
344
346
348
354
355
356
358
359
360
364
368
372
376
384
390
361
361
361
361
361
361
361
361
361
361
361
361
361
269
285
308
328
332
335
343
345
347
356
357
358
359
363
364
366
367
374
376
377
378
379
385
390
362
362
362
362
362
362
362
362
362
362
362
362
362
362
362
362
239
246
286
290
302
307
314
323
329
335
341
361
368
370
372
374
376
377
378
379
383
386
392
396
363
363
363
363
363
363
363
363
363
363
363
363
363
363
363
363
220
264
281
282
308
309
312
313
317
320
330
331
339
341
353
355
356
364
365
368
373
377
383
394
364
364
364
364
364
364
364
364
364
364
364
364
364
364
364
364
222
286
292
296
297
299
309
329
337
342
350
355
356
358
361
368
369
381
388
392
396
365
365
365
365
365
365
365
365
365
365
365
365
365
365
365
365
365
365
365
198
228
249
267
295
319
328
335
345
346
354
355
356
359
364
367
369
370
378
388
399
366
366
366
366
366
366
366
366
366
366
366
366
366
366
366
366
366
366
366
287
312
321
329
333
345
346
359
361
366
368
371
386
389
391
393
399
367
367
367
367
367
367
367
367
367
367
367
367
367
367
367
367
367
367
367
367
367
367
367
187
249
253
279
294
303
307
320
327
329
337
339
355
359
361
362
363
365
370
372
373
374
376
379
383
387
394
368
368
368
368
368
368
368
368
368
368
368
368
368
244
277
304
324
342
351
356
363
372
373
376
388
390
396
369
369
369
369
369
369
369
369
369
369
369
369
369
369
369
369
369
369
369
369
369
369
369
369
369
369
246
301
315
326
331
333
336
338
339
346
355
356
363
365
366
370
375
380
384
385
388
389
393
370
370
370
370
370
370
370
370
370
370
370
370
370
370
370
370
370
231
263
316
317
326
330
331
334
343
352
356
358
360
364
372
374
377
380
383
384
387
390
395
397
399
371
371
371
371
371
371
371
371
371
371
371
371
371
371
371
204
263
290
296
302
327
331
340
342
358
361
362
365
369
370
371
373
374
379
384
387
389
391
394
399
372
372
372
372
372
372
372
372
372
372
372
372
372
372
372
209
240
284
289
330
335
340
355
357
365
369
371
373
375
378
387
388
391
392
373
373
373
373
373
373
373
373
373
373
373
373
373
373
373
373
373
373
373
373
373
319
322
326
336
345
358
360
365
367
371
374
387
390
394
396
397
374
374
374
374
374
374
374
374
374
374
374
374
374
374
374
374
374
374
374
374
374
374
374
374
139
179
189
237
274
300
311
330
336
342
343
361
367
370
371
373
374
375
376
380
381
384
393
375
375
375
375
375
375
375
375
375
375
375
375
375
375
375
375
375
250
305
308
333
343
357
358
360
369
372
375
377
378
379
383
384
387
393
376
376
376
376
376
376
376
376
376
376
376
376
376
376
376
376
376
376
376
376
376
376
190
297
327
329
334
337
340
342
343
346
357
365
374
380
388
390
377
377
377
377
377
377
377
377
377
377
377
377
377
377
377
377
377
377
377
377
377
377
377
377
271
324
325
326
330
331
332
343
348
355
361
362
363
364
367
371
372
376
377
382
384
390
392
396
378
378
378
378
378
378
378
378
378
378
378
378
378
378
378
378
201
279
291
292
298
303
305
309
332
334
342
358
359
361
362
370
379
380
385
379
379
379
379
379
379
379
379
379
379
379
379
379
379
379
379
379
379
379
379
379
126
285
294
305
311
317
320
330
331
333
336
338
344
347
360
369
371
380
381
399
380
380
380
380
380
380
380
380
380
380
380
380
380
380
380
380
380
380
380
380
284
333
340
346
355
358
362
364
368
369
372
375
380
383
388
389
394
395
397
399
381
381
381
381
381
381
381
381
381
381
381
381
381
381
381
381
381
381
381
381
273
303
315
327
330
336
337
343
346
351
357
363
373
376
378
383
386
390
394
382
382
382
382
382
382
382
382
382
382
382
382
382
382
382
382
382
382
382
382
382
238
241
254
266
329
345
349
350
351
354
359
360
364
365
366
367
370
375
377
393
383
383
383
383
383
383
383
383
383
383
383
383
383
383
383
383
383
383
383
383
267
269
278
304
306
310
314
332
334
336
344
349
352
356
359
360
376
381
383
384
387
390
391
392
397
384
384
384
384
384
384
384
384
384
384
384
384
384
384
384
237
288
307
330
346
350
356
357
358
367
370
376
379
380
385
387
390
393
385
385
385
385
385
385
385
385
385
385
385
385
385
385
385
385
385
385
385
385
385
385
289
319
328
339
346
361
363
369
372
378
379
382
383
398
399
386
386
386
386
386
386
386
386
386
386
386
386
386
386
386
386
386
386
386
386
386
386
386
386
386
287
300
324
353
361
365
370
381
382
383
384
390
395
387
387
387
387
387
387
387
387
387
387
387
387
387
387
387
387
387
387
387
387
387
387
387
387
387
387
387
286
328
340
355
364
377
385
387
392
395
396
388
388
388
388
388
388
388
388
388
388
388
388
388
388
388
388
388
388
388
388
388
388
388
388
388
388
388
388
388
304
314
328
337
353
360
362
374
378
379
383
384
386
390
392
393
394
389
389
389
389
389
389
389
389
389
389
389
389
389
389
389
389
389
389
389
389
389
389
389
336
355
360
363
364
365
370
372
373
374
381
383
384
391
396
397
399
390
390
390
390
390
390
390
390
390
390
390
390
390
390
390
390
390
390
390
390
390
390
390
239
305
315
322
341
346
356
357
362
366
369
372
373
374
380
382
383
384
385
386
388
392
399
391
391
391
391
391
391
391
391
391
391
391
391
391
391
391
391
391
284
298
311
329
332
342
350
354
357
362
366
371
373
374
375
385
386
391
392
392
392
392
392
392
392
392
392
392
392
392
392
392
392
392
392
392
392
392
392
392
284
291
297
347
349
351
368
370
379
380
381
382
383
384
385
386
387
389
393
394
398
393
393
393
393
393
393
393
393
393
393
393
393
393
393
393
393
393
393
393
235
272
294
301
311
313
333
335
340
342
351
362
367
371
372
374
376
384
386
394
397
394
394
394
394
394
394
394
394
394
394
394
394
394
394
394
394
394
394
394
307
312
344
352
371
386
391
394
395
395
395
395
395
395
395
395
395
395
395
395
395
395
395
395
395
395
395
395
395
395
395
395
395
395
395
395
395
395
395
395
298
339
372
375
376
379
383
388
392
393
394
399
396
396
396
396
396
396
396
396
396
396
396
396
396
396
396
396
396
396
396
396
396
396
396
396
396
396
396
396
300
339
340
344
363
367
370
391
397
397
397
397
397
397
397
397
397
397
397
397
397
397
397
397
397
397
397
397
397
397
397
397
397
397
397
397
397
397
397
397
248
313
342
358
361
362
366
369
374
375
376
377
380
382
383
385
398
398
398
398
398
398
398
398
398
398
398
398
398
398
398
398
398
398
398
398
398
398
398
398
308
319
323
338
340
345
359
366
374
377
378
379
384
385
388
395
396
397
399
399
399
399
399
399
399
399
399
399
399
399
399
399
399
399
399
399
399
399
399
399
