12800
0
12799
2
5
9
15
16
20
22
26
34
37
38
39
40
47
49
55
56
59
65
69
70
76
0
0
0
0
0
0
0
0
0
0
5
6
7
8
10
11
19
22
23
25
26
33
36
37
38
41
43
44
48
52
59
62
63
64
69
1
1
1
1
1
1
1
1
9
12
14
16
17
18
31
37
38
43
44
46
49
54
56
62
66
76
2
2
2
2
2
2
2
2
2
2
2
2
2
7
19
22
30
31
35
44
45
57
58
66
76
77
78
3
3
3
3
3
3
3
3
3
3
3
3
3
3
3
3
3
3
1
14
22
25
26
28
35
41
44
45
50
53
58
60
62
63
69
72
77
4
4
4
4
4
4
4
4
4
4
4
4
4
0
1
2
4
5
15
17
21
23
24
31
36
43
55
56
61
62
64
67
5
5
5
5
5
5
5
5
5
5
5
5
5
1
2
4
6
7
8
9
10
18
27
28
29
30
31
52
53
60
65
66
70
75
76
79
6
6
6
6
6
6
6
6
6
8
11
22
28
34
35
37
43
55
59
62
63
68
71
73
74
75
76
78
7
7
7
7
7
7
7
7
7
7
7
7
7
1
6
7
13
18
20
27
29
33
34
40
43
45
46
69
74
76
8
8
8
8
8
8
8
8
8
8
8
8
8
8
8
1
5
11
12
17
18
21
37
45
46
57
59
64
69
75
79
9
9
9
9
9
9
9
9
9
9
9
9
9
9
9
9
4
13
16
17
18
23
38
44
45
49
51
56
60
67
68
73
75
10
10
10
10
10
10
10
10
10
10
10
10
10
10
10
7
10
14
34
35
38
40
41
42
44
46
47
52
57
59
61
63
70
75
76
11
11
11
11
11
11
11
11
11
11
11
11
1
2
9
14
18
20
21
23
26
27
30
31
32
34
39
58
60
62
68
70
72
77
12
12
12
12
12
12
12
12
12
12
17
24
25
26
29
31
34
35
37
39
41
47
48
51
62
63
67
71
74
76
13
13
13
13
13
13
13
13
13
13
13
13
1
6
20
27
30
31
64
66
70
14
14
14
14
14
14
14
14
14
14
14
14
14
14
14
14
14
14
14
14
14
14
14
3
8
16
21
22
32
33
43
50
54
55
63
73
74
78
15
15
15
15
15
15
15
15
15
15
15
15
15
15
15
15
15
0
3
6
14
19
22
24
30
38
39
43
45
50
51
63
68
69
70
73
78
79
16
16
16
16
16
16
16
16
16
16
16
5
6
7
8
11
16
22
24
27
29
35
36
38
39
46
51
53
54
55
57
62
67
70
77
17
17
17
17
17
17
17
17
2
3
5
7
9
18
20
23
24
32
33
37
38
40
47
48
49
52
62
63
69
70
78
18
18
18
18
18
18
18
18
18
2
7
10
13
15
16
17
22
24
30
34
45
46
47
51
53
54
57
58
59
65
68
69
73
76
78
79
19
19
19
19
19
4
5
11
20
25
27
30
32
33
34
36
43
44
45
54
56
58
60
62
68
20
20
20
20
20
20
20
20
20
20
20
20
0
3
5
12
24
26
28
29
30
31
39
43
46
48
53
58
61
64
68
69
73
76
21
21
21
21
21
21
21
21
21
21
2
8
9
12
17
26
36
43
44
47
48
54
67
76
79
22
22
22
22
22
22
22
22
22
22
22
22
22
22
22
22
22
9
13
14
20
26
35
38
40
41
43
49
50
51
55
59
61
67
68
75
23
23
23
23
23
23
23
23
23
23
23
23
23
1
2
3
6
7
12
20
22
36
38
42
47
51
52
54
65
67
71
79
24
24
24
24
24
24
24
24
24
24
24
24
24
0
9
12
13
24
25
27
28
30
32
36
44
45
47
55
56
57
58
60
61
65
70
79
25
25
25
25
25
25
25
25
25
1
6
10
15
18
20
29
30
32
37
40
43
44
52
55
57
59
61
63
64
68
26
26
26
26
26
26
26
26
26
26
26
0
1
4
5
6
10
12
13
15
16
20
21
23
24
30
32
38
50
56
70
78
27
27
27
27
27
27
27
27
27
27
27
0
3
18
20
22
25
27
35
38
43
56
61
67
70
71
72
75
78
79
28
28
28
28
28
28
28
28
28
28
28
28
28
2
6
7
9
11
19
21
31
51
53
56
60
77
79
29
29
29
29
29
29
29
29
29
29
29
29
29
29
29
29
29
29
1
2
25
27
29
31
35
40
46
49
62
64
73
30
30
30
30
30
30
30
30
30
30
30
30
30
30
30
30
30
30
30
5
6
9
22
25
26
28
38
42
47
49
50
57
58
59
61
63
64
67
72
79
31
31
31
31
31
31
31
31
31
31
31
1
3
5
8
11
13
17
20
27
31
34
35
36
37
39
41
44
50
52
55
66
67
68
75
32
32
32
32
32
32
32
32
1
3
4
9
13
15
18
21
26
33
44
45
46
55
70
71
73
79
33
33
33
33
33
33
33
33
33
33
33
33
33
33
3
9
13
16
21
32
43
44
55
62
63
65
73
34
34
34
34
34
34
34
34
34
34
34
34
34
34
34
34
34
34
34
12
16
17
20
22
23
24
25
28
34
37
41
47
50
51
52
59
60
72
74
75
78
35
35
35
35
35
35
35
35
35
35
7
9
11
14
15
20
21
23
28
30
32
39
51
57
58
61
66
68
69
71
72
75
76
36
36
36
36
36
36
36
36
36
0
8
9
10
11
14
25
28
32
34
37
43
45
51
53
60
61
64
67
69
72
75
37
37
37
37
37
37
37
37
37
37
1
3
5
11
14
16
17
24
27
29
30
32
37
40
41
44
48
50
53
61
62
69
38
38
38
38
38
38
38
38
38
38
1
2
6
7
10
17
27
29
30
31
35
39
40
45
57
61
62
65
66
75
78
39
39
39
39
39
39
39
39
39
39
39
3
6
7
16
17
19
22
23
24
28
31
32
35
44
51
53
57
59
68
75
40
40
40
40
40
40
40
40
40
40
40
40
0
1
3
11
13
14
21
28
30
32
34
36
41
49
57
59
64
67
74
76
79
41
41
41
41
41
41
41
41
41
41
41
4
6
9
13
17
18
22
25
26
27
28
30
31
34
36
41
44
47
52
61
62
65
66
70
74
75
76
42
42
42
42
42
4
19
27
32
34
36
37
38
53
54
61
65
77
78
43
43
43
43
43
43
43
43
43
43
43
43
43
43
43
43
43
43
0
1
3
18
29
30
36
40
41
43
49
56
59
63
64
65
68
44
44
44
44
44
44
44
44
44
44
44
44
44
44
44
5
6
7
9
12
13
15
21
23
25
28
33
37
38
41
45
49
50
51
56
57
59
62
63
65
71
73
78
45
45
45
45
0
1
10
13
14
24
27
30
34
36
38
50
52
53
55
64
66
67
68
69
70
71
74
79
46
46
46
46
46
46
46
46
1
4
10
11
12
28
36
40
43
47
49
52
60
62
63
76
78
47
47
47
47
47
47
47
47
47
47
47
47
47
47
47
0
6
7
11
16
21
29
30
35
44
46
64
68
74
76
48
48
48
48
48
48
48
48
48
48
48
48
48
48
48
48
48
5
8
12
16
26
30
35
38
41
42
47
51
53
63
72
77
49
49
49
49
49
49
49
49
49
49
49
49
49
49
49
49
7
10
14
19
27
29
31
34
41
45
46
47
49
50
73
74
50
50
50
50
50
50
50
50
50
50
50
50
50
50
50
50
13
20
25
27
30
41
50
53
63
66
73
74
77
78
51
51
51
51
51
51
51
51
51
51
51
51
51
51
51
51
51
51
4
15
18
27
29
30
33
38
39
41
42
44
46
57
58
61
62
64
65
68
74
76
79
52
52
52
52
52
52
52
52
52
1
2
7
11
12
20
24
28
30
31
35
44
45
50
57
59
61
63
66
67
69
74
53
53
53
53
53
53
53
53
53
53
1
2
5
11
12
15
18
20
21
27
28
29
32
33
35
38
43
44
47
64
67
68
75
77
54
54
54
54
54
54
54
54
7
16
20
22
31
35
39
47
51
52
55
59
63
64
66
68
74
55
55
55
55
55
55
55
55
55
55
55
55
55
55
55
5
13
15
17
27
29
33
35
38
39
41
47
51
54
55
57
66
70
72
78
56
56
56
56
56
56
56
56
56
56
56
56
1
10
11
14
19
21
46
51
57
59
65
67
72
73
57
57
57
57
57
57
57
57
57
57
57
57
57
57
57
57
57
57
4
14
15
17
20
24
27
29
32
36
39
40
41
42
43
52
55
61
65
66
68
69
74
79
58
58
58
58
58
58
58
58
5
8
10
12
14
16
21
28
29
34
39
44
45
54
56
57
60
62
64
73
75
59
59
59
59
59
59
59
59
59
59
59
1
5
11
14
16
17
19
22
34
40
46
51
58
64
67
79
60
60
60
60
60
60
60
60
60
60
60
60
60
60
60
60
7
8
9
11
17
23
25
27
31
36
38
39
40
55
58
60
65
66
67
68
69
61
61
61
61
61
61
61
61
61
61
61
0
9
10
11
20
21
28
29
33
34
37
38
40
41
44
49
51
58
61
62
63
67
68
62
62
62
62
62
62
62
62
62
0
15
20
22
26
27
30
31
39
43
49
50
54
56
57
64
68
73
63
63
63
63
63
63
63
63
63
63
63
63
63
63
3
7
10
17
19
23
28
38
48
50
59
63
74
79
64
64
64
64
64
64
64
64
64
64
64
64
64
64
64
64
64
64
10
15
17
23
39
48
49
53
55
69
71
76
78
65
65
65
65
65
65
65
65
65
65
65
65
65
65
65
65
65
65
65
3
4
15
16
19
20
22
26
35
37
44
48
49
55
65
68
70
73
75
66
66
66
66
66
66
66
66
66
66
66
66
66
1
3
4
10
15
18
21
26
28
32
40
42
43
44
46
48
53
56
57
62
63
65
68
75
67
67
67
67
67
67
67
67
4
6
12
18
20
22
24
25
29
32
42
58
62
64
72
76
68
68
68
68
68
68
68
68
68
68
68
68
68
68
68
68
9
13
16
17
20
22
24
30
39
40
41
43
58
59
63
69
70
72
75
77
69
69
69
69
69
69
69
69
69
69
69
69
3
5
11
18
20
22
29
34
38
48
51
52
60
64
67
71
74
75
79
70
70
70
70
70
70
70
70
70
70
70
70
70
0
3
5
12
18
19
23
24
25
28
32
35
44
53
54
58
60
64
66
69
75
79
71
71
71
71
71
71
71
71
71
71
0
2
3
11
12
14
16
17
26
30
31
32
36
37
42
46
53
55
63
64
65
79
72
72
72
72
72
72
72
72
72
72
1
5
9
10
15
17
28
29
33
37
42
43
52
53
54
55
60
61
67
69
74
76
78
73
73
73
73
73
73
73
73
73
0
3
5
11
14
17
23
29
30
37
39
46
47
48
51
56
58
60
62
63
64
68
73
76
74
74
74
74
74
74
74
74
13
21
22
31
32
33
34
35
41
44
45
47
50
52
54
55
56
60
62
68
69
70
75
75
75
75
75
75
75
75
75
75
0
6
8
9
12
17
18
22
31
32
34
37
42
50
55
64
66
67
79
76
76
76
76
76
76
76
76
76
76
76
76
76
0
2
3
7
9
11
13
21
23
26
27
29
33
35
36
42
47
52
63
65
66
67
69
74
77
77
77
77
77
77
77
77
6
9
17
18
25
27
31
32
40
45
50
56
58
59
64
65
66
71
72
77
79
78
78
78
78
78
78
78
78
78
78
78
8
9
12
19
20
28
37
40
42
45
47
57
63
69
79
79
79
79
79
79
79
79
79
79
79
79
79
79
79
79
79
79
4
7
8
17
19
27
30
31
33
40
50
54
62
66
74
80
80
80
80
80
80
80
80
80
80
80
80
80
80
80
80
80
8
9
13
16
19
20
21
23
25
30
39
44
45
47
50
52
53
55
65
68
71
72
73
75
78
79
81
81
81
81
81
81
10
11
13
16
20
21
24
29
33
34
37
42
43
51
56
59
66
68
71
78
79
82
82
82
82
82
82
82
82
82
82
82
0
1
3
10
14
15
16
19
22
23
24
27
31
32
35
37
40
41
42
46
48
53
54
55
57
58
62
63
67
70
79
83
1
5
11
22
25
28
33
38
39
41
54
58
59
61
64
65
68
72
84
84
84
84
84
84
84
84
84
84
84
84
84
84
0
2
4
5
33
39
41
45
46
52
60
64
66
68
72
74
75
78
85
85
85
85
85
85
85
85
85
85
85
85
85
85
4
11
20
22
27
37
38
40
41
44
52
53
56
62
74
86
86
86
86
86
86
86
86
86
86
86
86
86
86
86
86
86
1
4
8
9
11
20
21
27
29
33
41
44
54
55
60
61
62
66
67
70
73
78
87
87
87
87
87
87
87
87
87
87
8
12
17
19
20
23
26
27
36
37
39
42
47
48
49
51
54
60
67
71
72
73
88
88
88
88
88
88
88
88
88
88
1
3
8
14
19
25
29
31
32
33
42
49
52
53
55
70
71
79
89
89
89
89
89
89
89
89
89
89
89
89
89
89
1
10
13
17
20
25
39
40
42
47
55
59
61
62
64
70
72
74
76
77
90
90
90
90
90
90
90
90
90
90
90
90
5
8
17
25
29
35
37
39
41
47
49
54
55
56
64
65
69
73
91
91
91
91
91
91
91
91
91
91
91
91
91
91
2
4
6
12
18
21
24
29
34
38
41
48
52
55
65
66
74
76
92
92
92
92
92
92
92
92
92
92
92
92
92
92
4
5
6
13
17
24
26
35
36
39
45
46
49
53
64
65
68
71
72
74
75
93
93
93
93
93
93
93
93
93
93
93
1
3
4
7
11
12
13
15
25
28
30
34
35
41
42
44
47
48
56
57
60
61
66
70
75
94
94
94
94
94
94
94
2
6
11
12
13
15
19
24
26
30
32
35
37
42
49
51
52
60
61
64
73
74
76
79
95
95
95
95
95
95
95
95
1
3
12
17
23
25
29
40
43
57
58
60
64
65
69
70
74
96
96
96
96
96
96
96
96
96
96
96
96
96
96
96
1
4
5
6
21
22
24
25
26
28
33
39
42
44
45
55
60
65
67
69
72
74
75
76
77
97
97
97
97
97
97
97
4
7
9
11
12
13
14
18
25
26
38
41
47
61
66
71
73
74
98
98
98
98
98
98
98
98
98
98
98
98
98
98
3
4
7
19
21
23
26
36
49
53
54
56
60
62
73
75
78
99
99
99
99
99
99
99
99
99
99
99
99
99
99
99
0
1
7
9
11
12
15
23
24
26
30
31
34
35
46
47
55
57
64
68
70
72
77
100
100
100
100
100
100
100
100
100
1
2
5
6
7
8
10
11
12
14
15
16
19
21
25
30
31
36
39
42
47
51
54
55
56
61
77
101
101
101
101
101
14
15
20
34
41
45
47
48
49
52
55
57
59
61
63
102
102
102
102
102
102
102
102
102
102
102
102
102
102
102
102
102
3
5
6
8
14
15
16
18
19
20
24
29
33
36
42
53
58
59
66
70
72
73
77
103
103
103
103
103
103
103
103
103
4
14
19
20
27
37
40
42
43
46
52
53
65
68
69
70
77
79
104
104
104
104
104
104
104
104
104
104
104
104
104
104
6
7
8
13
16
17
28
33
34
35
37
39
40
49
51
60
64
71
72
73
76
105
105
105
105
105
105
105
105
105
105
105
13
21
24
31
39
45
46
48
49
50
55
61
65
70
71
74
75
76
78
106
106
106
106
106
106
106
106
106
106
106
106
106
0
2
6
8
15
18
19
20
26
28
30
32
33
34
35
40
44
45
62
66
67
68
69
75
107
107
107
107
107
107
107
107
9
13
15
22
32
41
45
49
50
51
52
55
60
61
68
70
72
74
77
108
108
108
108
108
108
108
108
108
108
108
108
108
2
5
7
9
11
12
20
21
27
31
34
42
43
46
47
50
65
74
78
109
109
109
109
109
109
109
109
109
109
109
109
109
2
9
18
20
28
32
34
35
37
38
39
43
44
46
47
53
54
55
59
64
69
78
110
110
110
110
110
110
110
110
110
110
1
5
11
14
15
26
35
40
49
55
56
65
69
79
111
111
111
111
111
111
111
111
111
111
111
111
111
111
111
111
111
111
2
6
10
15
24
27
28
32
33
36
37
38
40
42
51
52
53
55
59
62
66
74
75
112
112
112
112
112
112
112
112
112
3
19
20
21
28
29
32
33
36
37
50
51
54
64
70
76
79
113
113
113
113
113
113
113
113
113
113
113
113
113
113
113
4
8
10
13
15
16
23
24
37
38
42
46
47
52
55
58
61
70
75
114
114
114
114
114
114
114
114
114
114
114
114
114
2
3
6
8
10
11
14
15
24
30
33
37
40
51
55
58
65
71
115
115
115
115
115
115
115
115
115
115
115
115
115
115
1
7
12
22
25
32
43
44
45
49
55
64
79
116
116
116
116
116
116
116
116
116
116
116
116
116
116
116
116
116
116
116
3
10
11
12
22
26
28
30
42
50
54
59
61
62
71
79
117
117
117
117
117
117
117
117
117
117
117
117
117
117
117
117
2
7
8
12
28
36
38
40
50
53
56
61
64
65
66
70
118
118
118
118
118
118
118
118
118
118
118
118
118
118
118
118
3
11
13
16
29
30
33
37
38
39
43
47
48
53
54
55
60
63
66
70
71
72
119
119
119
119
119
119
119
119
119
119
2
5
7
10
12
21
24
27
28
30
41
43
49
52
53
56
59
60
65
75
120
120
120
120
120
120
120
120
120
120
120
120
0
4
7
8
9
12
36
37
40
43
46
55
61
63
121
121
121
121
121
121
121
121
121
121
121
121
121
121
121
121
121
121
2
8
10
13
14
17
18
20
24
29
43
50
51
54
55
65
66
67
70
71
74
76
77
78
122
122
122
122
122
122
122
122
0
5
8
12
15
36
46
47
52
53
54
60
61
62
63
64
67
69
70
72
75
123
123
123
123
123
123
123
123
123
123
123
6
8
11
14
19
22
24
25
26
30
31
32
36
44
49
50
52
53
64
65
69
71
124
124
124
124
124
124
124
124
124
124
0
1
4
8
11
13
20
24
26
32
33
36
39
44
45
47
49
53
54
57
60
64
65
69
72
125
125
125
125
125
125
125
3
5
10
11
12
14
15
33
37
40
41
45
46
54
58
59
62
64
70
71
73
75
76
78
126
126
126
126
126
126
126
126
0
7
13
15
16
17
23
31
35
37
39
43
45
47
51
58
65
73
74
78
127
127
127
127
127
127
127
127
127
127
127
127
2
19
23
27
28
30
32
39
40
44
45
51
56
60
61
69
70
72
76
79
128
128
128
128
128
128
128
128
128
128
128
128
3
7
13
16
23
29
34
35
38
43
50
58
61
64
69
73
75
79
129
129
129
129
129
129
129
129
129
129
129
129
129
129
4
18
21
23
35
37
38
44
50
59
63
67
75
77
130
130
130
130
130
130
130
130
130
130
130
130
130
130
130
130
130
130
3
8
9
12
20
24
27
30
33
40
43
44
54
65
68
70
76
131
131
131
131
131
131
131
131
131
131
131
131
131
131
131
1
3
4
6
9
10
13
16
20
21
22
27
29
30
33
36
38
40
43
45
47
48
49
53
55
56
57
67
72
76
77
79
3
5
8
12
13
20
22
23
29
31
33
36
37
43
45
47
50
52
55
59
61
64
66
67
68
75
76
77
133
133
133
133
2
3
4
10
16
18
22
23
26
34
37
38
40
41
48
49
57
59
60
64
70
76
78
134
134
134
134
134
134
134
134
134
11
25
26
27
33
41
42
56
59
62
64
66
69
135
135
135
135
135
135
135
135
135
135
135
135
135
135
135
135
135
135
135
1
9
11
13
18
23
36
49
50
53
54
61
68
74
79
136
136
136
136
136
136
136
136
136
136
136
136
136
136
136
136
136
4
14
15
28
29
31
35
37
39
41
43
46
49
53
58
60
63
68
73
74
137
137
137
137
137
137
137
137
137
137
137
137
3
5
10
22
23
30
31
33
45
46
47
51
53
55
63
69
79
138
138
138
138
138
138
138
138
138
138
138
138
138
138
138
0
3
5
9
11
12
17
24
25
32
33
54
56
57
66
67
73
76
77
78
139
139
139
139
139
139
139
139
139
139
139
139
1
3
8
13
18
21
28
29
35
38
46
52
54
55
56
65
67
68
70
74
78
79
140
140
140
140
140
140
140
140
140
140
1
2
6
7
16
17
20
21
28
30
33
44
46
51
56
57
58
61
64
68
71
75
141
141
141
141
141
141
141
141
141
141
5
11
18
21
25
33
39
40
41
50
51
52
53
55
59
63
69
74
79
142
142
142
142
142
142
142
142
142
142
142
142
142
0
4
25
28
29
30
32
38
44
45
49
52
55
57
60
63
66
67
79
143
143
143
143
143
143
143
143
143
143
143
143
143
1
9
10
12
15
17
19
23
32
36
42
48
52
54
57
58
60
68
70
73
144
144
144
144
144
144
144
144
144
144
144
144
2
8
21
23
29
32
37
39
45
46
47
48
50
53
59
60
69
70
74
145
145
145
145
145
145
145
145
145
145
145
145
145
0
3
9
11
15
21
24
26
27
30
33
34
39
40
42
43
46
48
49
50
55
60
72
146
146
146
146
146
146
146
146
146
2
4
6
12
24
29
30
32
37
43
47
55
57
65
67
79
147
147
147
147
147
147
147
147
147
147
147
147
147
147
147
147
0
3
5
8
10
11
13
14
24
28
30
32
33
37
45
46
49
58
60
67
68
70
71
74
76
77
148
148
148
148
148
148
0
5
8
21
29
31
32
38
39
41
45
47
60
62
64
72
74
76
77
149
149
149
149
149
149
149
149
149
149
149
149
149
14
17
28
31
33
37
40
41
45
46
57
59
60
70
74
77
79
150
150
150
150
150
150
150
150
150
150
150
150
150
150
150
0
2
5
7
18
24
30
36
41
46
49
50
51
53
54
56
59
61
63
68
69
71
73
151
151
151
151
151
151
151
151
151
0
1
2
8
22
25
27
30
33
40
44
48
56
58
59
60
61
64
72
74
79
152
152
152
152
152
152
152
152
152
152
152
0
2
14
15
17
24
27
36
39
40
42
45
53
54
58
60
63
64
66
71
76
79
153
153
153
153
153
153
153
153
153
153
2
6
11
13
15
17
21
22
24
27
29
30
34
36
37
40
44
48
50
52
57
63
66
70
78
154
154
154
154
154
154
154
0
8
14
21
23
35
39
41
46
50
51
53
67
68
155
155
155
155
155
155
155
155
155
155
155
155
155
155
155
155
155
155
4
21
30
37
39
40
42
46
49
54
56
61
64
68
79
156
156
156
156
156
156
156
156
156
156
156
156
156
156
156
156
156
1
10
17
18
19
22
23
24
34
38
39
40
47
48
51
56
58
62
66
68
70
71
76
77
157
157
157
157
157
157
157
157
3
7
11
12
13
17
20
22
27
30
31
34
40
44
45
48
49
51
56
59
60
63
66
69
73
74
77
158
158
158
158
158
6
11
14
18
20
23
30
34
37
40
47
48
52
53
55
56
59
63
64
66
67
70
71
72
76
159
159
159
159
159
159
159
0
1
6
9
10
12
19
27
35
37
41
43
48
54
57
62
66
70
71
160
160
160
160
160
160
160
160
160
160
160
160
160
1
2
5
7
8
17
20
40
54
56
65
76
79
161
161
161
161
161
161
161
161
161
161
161
161
161
161
161
161
161
161
161
2
7
15
16
17
23
24
30
31
38
39
46
47
48
54
55
71
72
78
162
162
162
162
162
162
162
162
162
162
162
162
162
0
1
2
5
6
8
11
18
19
27
29
31
32
33
40
42
44
45
46
48
50
53
56
64
65
66
75
163
163
163
163
163
4
6
9
15
18
19
21
22
23
27
29
30
40
42
43
52
54
66
69
164
164
164
164
164
164
164
164
164
164
164
164
164
0
3
7
9
24
25
26
35
39
44
50
52
60
61
74
77
79
165
165
165
165
165
165
165
165
165
165
165
165
165
165
165
2
4
5
11
15
20
21
23
27
28
31
32
37
42
43
44
49
53
61
67
69
72
76
78
166
166
166
166
166
166
166
166
6
7
9
10
14
22
23
31
34
37
38
41
43
51
53
54
58
60
61
65
66
68
71
75
76
78
167
167
167
167
167
167
2
8
11
12
16
21
22
23
24
30
34
38
45
46
56
58
61
63
64
65
69
168
168
168
168
168
168
168
168
168
168
168
12
15
16
18
20
22
23
24
28
32
39
41
42
43
46
48
50
66
71
169
169
169
169
169
169
169
169
169
169
169
169
169
0
5
6
10
16
21
22
27
30
31
33
41
43
46
49
77
79
170
170
170
170
170
170
170
170
170
170
170
170
170
170
170
1
14
15
20
22
30
35
36
37
38
44
45
52
53
55
56
60
64
65
74
75
171
171
171
171
171
171
171
171
171
171
171
0
4
8
12
13
18
22
28
30
31
32
34
35
36
39
47
49
55
56
57
61
64
66
70
73
76
172
172
172
172
172
172
1
9
14
21
23
31
35
43
45
46
52
55
66
67
77
78
173
173
173
173
173
173
173
173
173
173
173
173
173
173
173
173
6
7
14
16
25
26
27
31
32
36
40
41
42
43
44
46
50
58
63
64
66
67
72
73
74
76
77
79
174
174
174
174
0
19
30
32
35
41
42
44
46
47
51
52
53
55
64
65
69
76
79
175
175
175
175
175
175
175
175
175
175
175
175
175
0
6
13
14
17
23
24
28
29
31
35
38
39
43
44
48
56
60
69
70
72
77
78
79
176
176
176
176
176
176
176
176
0
1
3
4
5
8
24
26
29
37
38
43
50
64
72
76
177
177
177
177
177
177
177
177
177
177
177
177
177
177
177
177
0
1
8
12
13
26
44
45
52
56
58
60
62
65
75
76
178
178
178
178
178
178
178
178
178
178
178
178
178
178
178
178
0
9
10
14
16
19
20
34
36
37
40
45
47
52
56
62
69
73
76
77
179
179
179
179
179
179
179
179
179
179
179
179
1
4
7
8
11
13
14
16
17
24
27
48
49
62
66
73
74
75
78
180
180
180
180
180
180
180
180
180
180
180
180
180
1
4
19
24
37
46
51
53
54
55
57
59
64
67
70
75
181
181
181
181
181
181
181
181
181
181
181
181
181
181
181
181
1
4
5
7
10
14
19
22
27
28
32
34
40
45
49
55
58
59
61
62
65
68
76
78
182
182
182
182
182
182
182
182
5
7
14
19
20
24
25
29
32
38
43
46
49
58
61
65
66
67
72
73
77
78
183
183
183
183
183
183
183
183
183
183
0
26
30
41
51
52
53
54
55
56
58
63
66
68
71
72
184
184
184
184
184
184
184
184
184
184
184
184
184
184
184
184
1
7
21
22
26
30
31
32
33
39
44
47
49
53
54
55
60
63
64
65
71
72
185
185
185
185
185
185
185
185
185
185
11
12
17
25
27
28
31
32
45
47
48
49
50
51
52
53
55
56
60
70
186
186
186
186
186
186
186
186
186
186
186
186
6
7
10
11
16
21
29
33
38
40
46
53
54
64
68
72
78
187
187
187
187
187
187
187
187
187
187
187
187
187
187
187
1
6
7
13
14
15
17
18
20
27
29
41
43
44
45
49
55
56
58
65
67
69
76
188
188
188
188
188
188
188
188
188
4
8
11
12
15
21
28
29
30
33
34
36
38
42
46
47
49
55
56
59
64
66
68
71
72
76
189
189
189
189
189
189
5
10
18
26
27
29
31
34
39
45
47
52
56
61
63
64
65
72
75
190
190
190
190
190
190
190
190
190
190
190
190
190
0
7
8
9
10
11
12
15
18
22
24
28
34
37
40
43
49
63
68
76
77
78
191
191
191
191
191
191
191
191
191
191
7
8
11
12
13
14
15
17
20
23
24
28
29
38
39
42
43
58
67
69
70
71
77
192
192
192
192
192
192
192
192
192
1
3
8
11
15
17
19
20
21
22
23
24
32
36
41
44
47
50
53
58
64
65
68
71
72
74
193
193
193
193
193
193
6
13
14
15
16
24
25
32
35
38
46
49
51
54
59
65
67
68
73
194
194
194
194
194
194
194
194
194
194
194
194
194
5
9
28
37
38
48
50
57
62
65
72
73
77
78
79
195
195
195
195
195
195
195
195
195
195
195
195
195
195
195
195
195
0
5
11
14
19
21
26
28
35
39
45
46
47
52
55
57
58
60
61
68
71
72
76
78
196
196
196
196
196
196
196
196
0
4
5
8
12
15
21
34
39
41
42
45
46
53
56
60
63
66
67
76
197
197
197
197
197
197
197
197
197
197
197
197
1
2
11
14
18
31
32
34
54
55
60
62
74
77
78
198
198
198
198
198
198
198
198
198
198
198
198
198
198
198
198
198
11
15
17
18
21
24
32
38
41
48
51
53
54
62
65
67
69
70
78
199
199
199
199
199
199
199
199
199
199
199
199
199
0
3
8
15
16
27
29
30
31
32
34
36
40
48
49
53
61
63
73
78
200
200
200
200
200
200
200
200
200
200
200
200
0
1
2
5
6
10
13
20
41
48
54
57
59
64
66
70
71
73
75
201
201
201
201
201
201
201
201
201
201
201
201
201
1
8
9
10
11
14
15
19
21
22
25
39
40
43
56
58
61
63
65
68
70
74
78
202
202
202
202
202
202
202
202
202
1
8
9
12
13
16
25
28
29
30
35
40
47
51
56
69
70
75
76
203
203
203
203
203
203
203
203
203
203
203
203
203
2
15
18
30
33
44
55
63
66
68
70
73
75
76
204
204
204
204
204
204
204
204
204
204
204
204
204
204
204
204
204
204
0
4
6
7
8
18
21
31
33
39
43
45
46
48
50
53
54
59
61
65
69
71
75
205
205
205
205
205
205
205
205
205
0
3
5
7
8
13
18
21
22
25
32
34
39
41
42
45
49
50
57
60
61
65
68
71
76
206
206
206
206
206
206
206
0
1
2
4
7
13
14
32
35
38
42
49
51
52
55
64
72
76
207
207
207
207
207
207
207
207
207
207
207
207
207
207
0
1
7
11
14
17
28
33
40
42
46
48
51
66
67
68
69
73
75
78
208
208
208
208
208
208
208
208
208
208
208
208
1
3
7
8
9
11
12
13
14
16
20
27
28
29
31
34
43
44
50
51
58
61
65
69
77
209
209
209
209
209
209
209
0
10
23
26
31
32
36
46
50
52
54
56
59
60
61
64
65
71
73
76
210
210
210
210
210
210
210
210
210
210
210
210
0
3
10
19
20
28
29
33
36
45
47
48
49
56
57
58
70
73
74
76
77
211
211
211
211
211
211
211
211
211
211
211
8
10
18
19
21
23
25
32
33
35
41
44
50
53
55
58
60
70
72
75
79
212
212
212
212
212
212
212
212
212
212
212
6
7
17
23
28
31
32
42
46
58
62
65
68
72
74
76
77
213
213
213
213
213
213
213
213
213
213
213
213
213
213
213
3
15
16
19
21
27
31
37
39
43
48
49
53
62
70
75
77
214
214
214
214
214
214
214
214
214
214
214
214
214
214
214
4
14
15
26
27
31
34
36
41
48
50
53
54
59
66
67
69
215
215
215
215
215
215
215
215
215
215
215
215
215
215
215
3
8
10
17
18
21
24
27
28
32
33
34
36
41
48
52
60
67
71
72
73
77
79
216
216
216
216
216
216
216
216
216
3
8
13
17
19
20
32
46
47
49
56
57
59
60
68
74
78
217
217
217
217
217
217
217
217
217
217
217
217
217
217
217
0
7
21
26
27
28
30
33
36
37
39
42
47
70
76
218
218
218
218
218
218
218
218
218
218
218
218
218
218
218
218
218
5
7
14
16
17
22
23
24
25
27
29
31
39
44
51
53
57
59
64
66
67
69
78
219
219
219
219
219
219
219
219
219
0
1
9
12
13
18
19
29
35
36
37
40
50
54
56
64
67
70
75
79
220
220
220
220
220
220
220
220
220
220
220
220
3
6
7
9
10
13
17
19
20
21
23
24
26
29
36
52
55
60
69
74
76
78
221
221
221
221
221
221
221
221
221
221
0
3
4
5
11
12
20
21
22
27
29
31
32
33
34
35
43
48
52
62
67
69
75
222
222
222
222
222
222
222
222
222
1
4
11
35
38
40
45
47
52
53
59
60
63
66
67
69
70
77
223
223
223
223
223
223
223
223
223
223
223
223
223
223
11
16
29
37
42
54
65
70
74
76
224
224
224
224
224
224
224
224
224
224
224
224
224
224
224
224
224
224
224
224
224
224
0
4
9
17
19
26
31
47
56
63
72
73
76
225
225
225
225
225
225
225
225
225
225
225
225
225
225
225
225
225
225
225
1
11
19
20
22
25
26
27
33
50
52
60
72
73
77
226
226
226
226
226
226
226
226
226
226
226
226
226
226
226
226
226
7
10
17
23
28
30
32
42
43
52
58
61
64
70
72
74
76
227
227
227
227
227
227
227
227
227
227
227
227
227
227
227
1
4
15
18
21
32
35
38
43
45
48
52
59
60
61
64
228
228
228
228
228
228
228
228
228
228
228
228
228
228
228
228
1
2
7
13
18
21
22
28
30
31
33
34
35
36
37
39
41
44
45
48
49
51
66
68
69
77
78
229
229
229
229
229
1
5
16
17
21
28
32
35
37
38
39
41
42
43
46
48
53
57
61
69
70
71
230
230
230
230
230
230
230
230
230
230
0
1
5
10
11
19
21
22
24
26
31
36
42
46
47
49
50
53
54
58
61
65
69
73
74
75
231
231
231
231
231
231
2
3
21
23
24
25
33
36
42
61
63
66
68
73
78
232
232
232
232
232
232
232
232
232
232
232
232
232
232
232
232
232
4
8
16
17
18
22
27
30
32
33
40
41
43
46
51
61
62
79
233
233
233
233
233
233
233
233
233
233
233
233
233
233
2
6
9
16
20
22
23
26
32
35
36
37
41
48
50
55
70
73
75
234
234
234
234
234
234
234
234
234
234
234
234
234
10
15
17
18
19
21
24
30
55
66
68
70
77
235
235
235
235
235
235
235
235
235
235
235
235
235
235
235
235
235
235
235
7
10
14
18
26
32
33
34
42
44
45
53
55
61
62
65
68
75
77
79
236
236
236
236
236
236
236
236
236
236
236
236
2
3
5
7
10
12
13
21
25
32
36
41
42
47
49
53
58
68
69
237
237
237
237
237
237
237
237
237
237
237
237
237
1
8
22
25
40
43
44
45
56
57
59
60
61
62
65
66
238
238
238
238
238
238
238
238
238
238
238
238
238
238
238
238
6
8
9
12
13
19
21
25
27
30
41
46
51
53
55
60
67
239
239
239
239
239
239
239
239
239
239
239
239
239
239
239
2
3
5
8
11
14
15
19
23
29
30
31
32
33
34
35
36
43
53
54
68
73
77
79
240
240
240
240
240
240
240
240
1
8
16
23
26
27
31
40
42
43
46
48
50
52
57
59
61
62
66
75
241
241
241
241
241
241
241
241
241
241
241
241
1
9
10
19
21
30
33
36
39
43
44
46
56
59
62
65
68
70
71
73
76
77
242
242
242
242
242
242
242
242
242
242
3
8
10
13
24
25
32
33
38
41
48
56
59
60
75
78
243
243
243
243
243
243
243
243
243
243
243
243
243
243
243
243
1
2
5
21
27
28
32
35
38
39
40
41
42
43
44
47
51
55
56
59
60
66
77
79
244
244
244
244
244
244
244
244
6
8
12
13
18
19
22
30
34
35
36
38
43
46
49
50
55
73
245
245
245
245
245
245
245
245
245
245
245
245
245
245
1
3
9
20
22
23
24
26
29
31
34
36
39
42
45
49
52
56
61
62
73
75
246
246
246
246
246
246
246
246
246
246
0
8
9
17
19
20
21
22
26
31
32
34
44
46
52
57
59
67
74
78
247
247
247
247
247
247
247
247
247
247
247
247
5
15
17
19
22
27
28
29
30
31
33
35
42
43
45
46
50
52
54
56
57
58
59
67
70
72
248
248
248
248
248
248
3
7
11
17
19
32
33
35
40
44
46
48
49
50
61
63
67
79
249
249
249
249
249
249
249
249
249
249
249
249
249
249
3
5
8
10
11
15
22
29
30
45
54
55
62
63
64
67
73
75
77
250
250
250
250
250
250
250
250
250
250
250
250
250
8
14
20
26
28
29
31
32
35
38
40
43
47
51
56
58
62
64
67
77
79
251
251
251
251
251
251
251
251
251
251
251
0
2
6
8
10
13
20
21
27
32
33
35
44
46
51
62
67
71
76
252
252
252
252
252
252
252
252
252
252
252
252
252
7
9
10
14
16
17
18
20
21
24
30
32
37
38
41
42
44
45
50
62
70
72
76
77
253
253
253
253
253
253
253
253
0
1
3
4
6
9
10
18
24
25
33
47
52
53
56
57
58
62
64
70
75
76
79
254
254
254
254
254
254
254
254
254
4
5
7
10
12
14
21
26
30
32
33
40
45
46
50
51
53
54
58
75
77
255
255
255
255
255
255
255
255
255
255
255
5
7
8
18
26
28
35
45
50
51
53
56
60
69
256
256
256
256
256
256
256
256
256
256
256
256
256
256
256
256
256
256
4
10
13
15
24
25
31
42
47
51
56
60
62
64
67
71
75
257
257
257
257
257
257
257
257
257
257
257
257
257
257
257
6
11
19
26
33
41
48
49
51
52
56
61
66
71
73
79
258
258
258
258
258
258
258
258
258
258
258
258
258
258
258
258
7
9
12
14
19
26
27
28
30
36
38
49
56
61
62
66
68
72
259
259
259
259
259
259
259
259
259
259
259
259
259
259
0
4
6
8
11
13
18
20
23
24
25
27
30
33
37
38
43
61
63
64
65
67
71
74
75
78
260
260
260
260
260
260
10
12
16
27
29
30
35
52
64
66
67
69
75
261
261
261
261
261
261
261
261
261
261
261
261
261
261
261
261
261
261
261
10
11
13
19
24
37
40
47
53
55
58
67
71
72
73
74
75
262
262
262
262
262
262
262
262
262
262
262
262
262
262
262
1
2
6
11
17
18
20
22
27
29
33
37
48
51
53
62
64
70
79
263
263
263
263
263
263
263
263
263
263
263
263
263
2
4
5
16
17
20
23
37
40
48
50
59
68
71
74
78
264
264
264
264
264
264
264
264
264
264
264
264
264
264
264
264
0
1
6
18
22
27
29
30
33
40
43
50
53
62
65
68
72
265
265
265
265
265
265
265
265
265
265
265
265
265
265
265
1
7
11
18
23
25
28
35
38
49
52
53
58
61
67
266
266
266
266
266
266
266
266
266
266
266
266
266
266
266
266
266
7
9
12
23
28
31
34
36
39
45
48
50
52
54
55
62
64
65
66
267
267
267
267
267
267
267
267
267
267
267
267
267
5
6
11
16
19
24
31
32
33
34
36
44
45
46
57
62
64
74
76
268
268
268
268
268
268
268
268
268
268
268
268
268
10
11
12
18
25
26
29
33
42
50
51
55
57
62
64
69
71
73
75
269
269
269
269
269
269
269
269
269
269
269
269
269
1
2
4
13
16
25
33
35
37
40
43
46
53
58
59
62
64
72
75
78
270
270
270
270
270
270
270
270
270
270
270
270
0
6
9
11
12
13
24
28
29
34
35
39
42
47
50
51
53
56
59
70
75
78
271
271
271
271
271
271
271
271
271
271
0
16
18
23
40
41
46
50
54
56
57
60
67
72
73
76
272
272
272
272
272
272
272
272
272
272
272
272
272
272
272
272
0
1
3
5
10
20
27
29
30
33
38
39
40
45
46
57
59
60
65
72
76
79
273
273
273
273
273
273
273
273
273
273
2
4
6
7
8
10
11
14
20
28
37
42
44
47
48
49
51
53
64
67
70
79
274
274
274
274
274
274
274
274
274
274
9
15
21
22
23
31
33
34
47
54
58
59
60
68
69
71
72
73
76
77
79
275
275
275
275
275
275
275
275
275
275
275
1
10
12
13
15
16
19
27
30
40
41
43
49
50
51
53
57
58
66
74
78
276
276
276
276
276
276
276
276
276
276
276
8
22
23
32
47
49
50
55
59
62
65
73
79
277
277
277
277
277
277
277
277
277
277
277
277
277
277
277
277
277
277
277
0
1
3
4
10
11
13
17
23
26
31
37
42
44
45
47
54
55
58
67
69
72
79
278
278
278
278
278
278
278
278
278
0
2
7
8
9
13
19
21
27
30
32
38
42
45
48
51
52
60
62
72
74
78
79
279
279
279
279
279
279
279
279
279
6
9
10
12
15
16
24
29
36
44
58
59
67
69
71
77
280
280
280
280
280
280
280
280
280
280
280
280
280
280
280
280
0
2
4
9
12
14
22
25
27
30
40
44
51
52
53
59
71
74
79
281
281
281
281
281
281
281
281
281
281
281
281
281
3
6
10
12
20
23
39
42
45
47
48
50
60
61
65
66
70
74
77
79
282
282
282
282
282
282
282
282
282
282
282
282
1
5
8
13
17
22
23
28
35
39
40
42
43
49
50
57
59
65
71
78
283
283
283
283
283
283
283
283
283
283
283
283
0
3
6
9
11
14
23
32
35
38
43
44
49
50
53
54
61
65
73
78
284
284
284
284
284
284
284
284
284
284
284
284
0
3
5
7
8
24
26
27
29
31
38
40
42
46
51
52
53
54
58
60
62
68
78
285
285
285
285
285
285
285
285
285
0
2
13
21
24
25
26
32
36
37
38
42
43
46
50
59
65
66
67
72
74
78
79
286
286
286
286
286
286
286
286
286
3
6
8
9
11
12
16
20
24
39
43
47
60
61
68
76
287
287
287
287
287
287
287
287
287
287
287
287
287
287
287
287
7
10
17
24
29
30
32
33
35
38
39
43
47
52
55
62
64
67
69
72
76
79
288
288
288
288
288
288
288
288
288
288
0
14
18
19
22
26
28
37
54
55
62
65
289
289
289
289
289
289
289
289
289
289
289
289
289
289
289
289
289
289
289
289
0
5
15
19
23
28
34
35
38
48
49
54
62
72
75
76
290
290
290
290
290
290
290
290
290
290
290
290
290
290
290
290
0
6
13
15
16
18
19
20
23
28
29
33
42
46
50
53
57
58
59
61
66
76
291
291
291
291
291
291
291
291
291
291
0
11
18
19
20
21
24
33
34
35
43
50
63
70
71
72
73
75
76
292
292
292
292
292
292
292
292
292
292
292
292
292
2
3
4
5
19
20
21
27
37
38
40
43
45
47
48
49
52
53
54
55
59
60
68
69
73
76
78
293
293
293
293
293
5
8
9
13
20
36
44
56
60
61
64
68
72
73
74
76
79
294
294
294
294
294
294
294
294
294
294
294
294
294
294
294
1
2
3
4
5
13
20
23
26
30
32
37
38
41
56
58
62
65
66
67
76
78
79
295
295
295
295
295
295
295
295
295
2
4
12
17
18
31
34
36
39
43
44
46
53
56
58
61
69
71
77
78
79
296
296
296
296
296
296
296
296
296
296
296
2
5
8
11
15
16
21
23
27
33
35
37
42
44
46
48
51
52
53
55
57
58
60
64
75
78
297
297
297
297
297
297
3
5
12
14
16
24
27
36
42
44
51
57
59
60
61
73
298
298
298
298
298
298
298
298
298
298
298
298
298
298
298
298
1
4
11
20
25
30
33
37
39
45
51
52
55
56
65
66
299
299
299
299
299
299
299
299
299
299
299
299
299
299
299
299
5
8
11
13
24
36
38
40
44
45
48
49
55
59
71
76
300
300
300
300
300
300
300
300
300
300
300
300
300
300
300
300
2
4
6
8
11
15
22
23
26
29
30
32
34
36
42
44
54
57
70
72
73
75
76
301
301
301
301
301
301
301
301
301
6
8
9
20
21
23
28
29
45
49
53
58
68
70
77
78
302
302
302
302
302
302
302
302
302
302
302
302
302
302
302
302
3
5
8
17
24
26
29
47
49
54
56
58
61
64
66
67
70
71
78
303
303
303
303
303
303
303
303
303
303
303
303
303
5
13
20
23
24
31
34
40
46
47
48
51
67
70
71
75
76
79
304
304
304
304
304
304
304
304
304
304
304
304
304
304
0
1
2
6
7
21
23
28
29
32
33
34
35
38
40
41
42
48
52
53
56
58
65
67
70
71
75
305
305
305
305
305
0
4
19
20
22
24
27
29
40
43
44
47
49
55
57
61
63
64
66
74
75
76
77
78
306
306
306
306
306
306
306
306
0
7
9
10
13
17
21
25
26
41
51
54
56
63
70
72
74
79
307
307
307
307
307
307
307
307
307
307
307
307
307
307
0
23
25
26
27
29
31
32
33
34
42
46
53
56
57
60
65
77
308
308
308
308
308
308
308
308
308
308
308
308
308
308
0
3
11
12
20
21
26
29
32
47
49
50
51
59
60
65
69
74
76
309
309
309
309
309
309
309
309
309
309
309
309
309
4
10
15
20
21
25
26
27
30
37
40
41
42
49
50
51
54
57
62
67
68
69
78
310
310
310
310
310
310
310
310
310
1
2
8
14
18
21
25
28
33
36
37
48
50
52
53
56
59
61
62
72
77
78
311
311
311
311
311
311
311
311
311
311
3
5
6
9
16
23
25
26
27
28
33
35
45
46
49
53
54
62
66
67
68
74
77
78
79
312
312
312
312
312
312
312
3
6
11
13
18
25
26
27
28
32
36
39
42
43
46
48
49
51
55
57
60
62
65
69
71
313
313
313
313
313
313
313
5
13
14
15
17
23
24
28
30
33
40
47
48
49
50
60
61
76
77
78
314
314
314
314
314
314
314
314
314
314
314
314
8
11
13
15
16
20
21
22
26
28
32
40
44
51
53
54
62
65
72
76
315
315
315
315
315
315
315
315
315
315
315
315
2
3
6
17
28
39
40
43
44
59
60
61
64
66
69
76
78
316
316
316
316
316
316
316
316
316
316
316
316
316
316
316
1
6
7
16
17
18
19
28
29
32
34
35
36
38
39
40
45
54
56
63
64
66
69
70
71
76
78
317
317
317
317
317
1
3
9
11
13
14
17
20
33
38
44
59
60
62
65
66
67
76
318
318
318
318
318
318
318
318
318
318
318
318
318
318
0
4
5
8
15
20
21
33
35
40
45
47
48
55
56
65
70
73
74
79
319
319
319
319
319
319
319
319
319
319
319
319
9
13
28
30
35
37
39
40
51
54
59
64
73
75
76
78
320
320
320
320
320
320
320
320
320
320
320
320
320
320
320
320
2
4
7
8
11
15
18
21
24
27
32
33
47
48
49
53
56
59
70
71
74
77
321
321
321
321
321
321
321
321
321
321
19
21
31
33
37
47
48
51
52
55
57
60
69
79
322
322
322
322
322
322
322
322
322
322
322
322
322
322
322
322
322
322
5
12
16
17
18
20
38
39
43
51
52
56
59
62
66
67
71
77
79
323
323
323
323
323
323
323
323
323
323
323
323
323
3
12
14
18
21
24
25
28
30
34
38
44
47
58
63
64
72
76
77
79
324
324
324
324
324
324
324
324
324
324
324
324
0
2
4
7
11
21
26
32
37
38
45
57
58
59
60
62
67
69
75
79
325
325
325
325
325
325
325
325
325
325
325
325
2
7
11
12
15
17
21
34
39
41
54
65
66
72
79
326
326
326
326
326
326
326
326
326
326
326
326
326
326
326
326
326
2
19
22
26
27
31
34
41
47
52
63
65
68
69
327
327
327
327
327
327
327
327
327
327
327
327
327
327
327
327
327
327
3
5
6
7
10
12
16
17
20
28
35
40
43
54
55
58
59
64
67
69
71
72
73
76
328
328
328
328
328
328
328
328
4
5
10
16
20
26
35
36
44
47
57
67
77
329
329
329
329
329
329
329
329
329
329
329
329
329
329
329
329
329
329
329
1
7
25
35
36
38
40
41
47
49
51
53
54
55
57
59
66
69
70
330
330
330
330
330
330
330
330
330
330
330
330
330
4
8
11
16
20
36
42
46
51
52
56
59
61
70
71
72
73
76
331
331
331
331
331
331
331
331
331
331
331
331
331
331
0
6
14
16
18
22
27
32
33
43
51
55
56
58
59
60
62
63
67
74
79
332
332
332
332
332
332
332
332
332
332
332
2
6
9
20
21
30
32
36
37
39
42
45
53
57
59
64
66
69
75
78
333
333
333
333
333
333
333
333
333
333
333
333
3
9
12
14
15
16
21
26
29
35
36
39
40
43
52
54
58
64
65
72
78
334
334
334
334
334
334
334
334
334
334
334
3
5
7
10
12
16
18
25
30
33
34
52
64
65
66
74
335
335
335
335
335
335
335
335
335
335
335
335
335
335
335
335
2
4
7
9
14
18
20
23
26
29
34
40
44
45
47
48
56
60
61
65
68
70
71
73
79
336
336
336
336
336
336
336
3
10
13
17
21
23
26
28
31
32
36
38
39
40
41
44
48
50
54
56
59
61
64
67
69
72
77
337
337
337
337
337
0
1
2
3
5
6
10
18
24
30
32
33
37
43
46
51
56
65
66
70
72
74
76
338
338
338
338
338
338
338
338
338
1
6
11
15
18
23
26
51
53
56
58
62
64
73
339
339
339
339
339
339
339
339
339
339
339
339
339
339
339
339
339
339
3
5
22
23
24
34
38
42
43
49
51
57
64
68
71
73
75
340
340
340
340
340
340
340
340
340
340
340
340
340
340
340
5
6
12
14
17
24
25
27
31
33
35
36
38
46
49
52
69
70
72
77
341
341
341
341
341
341
341
341
341
341
341
341
5
11
18
21
22
26
27
31
34
35
40
45
50
55
56
63
66
70
342
342
342
342
342
342
342
342
342
342
342
342
342
342
3
7
8
10
13
15
20
23
24
30
38
40
48
49
52
62
78
343
343
343
343
343
343
343
343
343
343
343
343
343
343
343
2
3
5
7
9
21
31
34
38
39
40
47
50
55
57
59
63
64
67
73
77
344
344
344
344
344
344
344
344
344
344
344
1
2
7
11
14
21
22
27
28
31
33
48
49
52
56
57
58
66
68
70
74
79
345
345
345
345
345
345
345
345
345
345
10
12
14
15
16
17
22
23
30
32
33
36
37
39
48
49
51
58
63
65
66
71
78
346
346
346
346
346
346
346
346
346
1
2
3
17
20
32
34
45
50
54
55
57
64
65
70
72
76
78
79
347
347
347
347
347
347
347
347
347
347
347
347
347
9
10
14
17
19
26
27
31
36
39
41
42
44
47
53
54
61
62
69
72
73
78
348
348
348
348
348
348
348
348
348
348
0
1
6
11
17
22
23
27
29
37
38
39
45
50
53
54
57
66
69
72
73
78
349
349
349
349
349
349
349
349
349
349
3
10
11
20
22
25
26
27
31
32
44
47
49
53
65
71
72
75
350
350
350
350
350
350
350
350
350
350
350
350
350
350
2
3
4
8
14
15
16
22
33
35
36
40
41
43
46
52
53
60
61
66
67
69
70
71
74
77
351
351
351
351
351
351
1
2
5
9
21
22
25
29
34
36
37
42
45
46
53
61
62
63
67
72
78
352
352
352
352
352
352
352
352
352
352
352
10
15
19
22
24
28
34
35
40
46
48
50
51
52
57
58
59
63
67
74
77
353
353
353
353
353
353
353
353
353
353
353
1
6
9
13
16
21
26
31
35
44
50
52
53
62
64
72
73
76
354
354
354
354
354
354
354
354
354
354
354
354
354
354
3
6
9
10
17
18
23
31
34
35
36
39
49
53
59
63
64
75
355
355
355
355
355
355
355
355
355
355
355
355
355
355
1
5
6
7
10
23
24
35
36
40
43
46
51
52
54
57
61
63
356
356
356
356
356
356
356
356
356
356
356
356
356
356
1
4
6
17
19
22
28
29
31
32
38
45
49
50
51
55
58
62
63
67
68
69
72
75
79
357
357
357
357
357
357
357
0
1
4
7
11
26
28
30
33
34
38
39
41
44
46
50
54
56
57
60
358
358
358
358
358
358
358
358
358
358
358
358
11
13
15
16
17
19
25
33
34
35
40
43
46
58
69
75
359
359
359
359
359
359
359
359
359
359
359
359
359
359
359
359
6
14
17
23
36
38
48
50
62
67
71
73
74
75
78
79
360
360
360
360
360
360
360
360
360
360
360
360
360
360
360
360
0
2
13
20
25
30
44
45
46
51
53
54
57
71
72
73
76
79
361
361
361
361
361
361
361
361
361
361
361
361
361
361
0
3
7
8
11
16
18
22
23
26
35
38
48
52
55
63
65
362
362
362
362
362
362
362
362
362
362
362
362
362
362
362
0
3
6
16
26
35
36
41
42
43
45
51
60
64
69
79
363
363
363
363
363
363
363
363
363
363
363
363
363
363
363
363
7
32
34
40
43
52
62
63
67
69
74
75
364
364
364
364
364
364
364
364
364
364
364
364
364
364
364
364
364
364
364
364
8
12
20
21
23
35
39
41
43
45
60
71
73
75
365
365
365
365
365
365
365
365
365
365
365
365
365
365
365
365
365
365
1
6
9
16
17
24
32
37
40
43
47
52
56
58
60
64
65
66
73
366
366
366
366
366
366
366
366
366
366
366
366
366
5
9
10
13
14
16
21
24
36
45
47
51
53
54
56
59
71
73
76
78
79
367
367
367
367
367
367
367
367
367
367
367
7
15
26
32
36
42
43
49
50
51
54
55
58
61
63
64
69
73
78
79
368
368
368
368
368
368
368
368
368
368
368
368
2
3
7
9
10
19
26
28
29
30
32
34
38
45
58
66
72
74
78
79
369
369
369
369
369
369
369
369
369
369
369
369
0
2
3
4
11
13
19
23
24
27
35
37
41
42
43
46
50
60
69
79
370
370
370
370
370
370
370
370
370
370
370
370
5
17
18
20
24
25
44
51
53
58
61
62
63
69
76
78
371
371
371
371
371
371
371
371
371
371
371
371
371
371
371
371
1
6
10
11
15
16
18
19
21
25
26
29
30
31
32
34
38
39
40
45
47
48
50
62
63
67
70
78
372
372
372
372
2
3
8
21
26
29
31
33
35
45
47
48
50
57
73
78
373
373
373
373
373
373
373
373
373
373
373
373
373
373
373
373
5
11
14
19
20
21
29
32
34
37
40
46
48
51
52
58
59
62
64
72
79
374
374
374
374
374
374
374
374
374
374
374
3
7
13
14
17
19
24
32
33
38
39
47
58
67
71
73
74
375
375
375
375
375
375
375
375
375
375
375
375
375
375
375
2
6
8
9
12
22
23
30
36
45
47
49
51
53
61
65
67
69
70
71
76
77
376
376
376
376
376
376
376
376
376
376
7
10
16
20
30
40
41
43
47
52
57
61
62
67
75
79
377
377
377
377
377
377
377
377
377
377
377
377
377
377
377
377
0
6
12
14
22
23
25
26
28
31
39
47
48
51
55
56
67
68
69
70
72
78
79
378
378
378
378
378
378
378
378
378
4
5
8
10
11
13
17
22
27
31
40
46
51
52
53
55
59
74
76
379
379
379
379
379
379
379
379
379
379
379
379
379
2
10
23
25
38
40
46
54
59
61
62
69
72
73
79
380
380
380
380
380
380
380
380
380
380
380
380
380
380
380
380
380
3
4
8
11
13
15
16
20
22
23
24
33
34
35
37
39
44
48
53
56
57
59
60
66
70
73
381
381
381
381
381
381
4
7
8
9
15
16
19
23
29
30
33
34
36
41
45
46
49
51
52
53
56
61
68
73
76
78
382
382
382
382
382
382
2
11
13
15
17
19
21
23
25
32
34
36
38
39
41
44
49
55
61
66
68
73
74
76
78
383
383
383
383
383
383
383
2
9
19
25
27
43
44
45
47
48
49
53
54
60
61
62
63
71
384
384
384
384
384
384
384
384
384
384
384
384
384
384
3
11
19
20
29
30
31
47
48
49
63
66
77
385
385
385
385
385
385
385
385
385
385
385
385
385
385
385
385
385
385
385
4
6
10
12
13
16
19
25
27
37
43
45
49
55
63
64
66
67
72
73
74
75
386
386
386
386
386
386
386
386
386
386
5
6
7
8
9
15
16
17
22
28
36
43
45
48
51
57
62
66
74
77
387
387
387
387
387
387
387
387
387
387
387
387
0
3
11
21
25
29
30
43
47
49
52
54
55
61
62
71
76
78
388
388
388
388
388
388
388
388
388
388
388
388
388
388
7
9
10
11
13
25
34
41
43
45
56
60
63
70
71
75
77
389
389
389
389
389
389
389
389
389
389
389
389
389
389
389
6
7
24
27
28
29
32
33
34
35
40
41
43
51
52
54
64
75
76
390
390
390
390
390
390
390
390
390
390
390
390
390
2
4
5
8
9
20
24
25
32
33
34
35
46
47
49
52
54
56
57
58
66
68
71
391
391
391
391
391
391
391
391
391
1
2
4
8
9
10
17
20
22
25
27
31
32
36
48
61
62
70
74
75
79
392
392
392
392
392
392
392
392
392
392
392
0
1
6
17
23
25
26
34
35
45
46
49
51
55
58
61
63
64
73
74
76
79
393
393
393
393
393
393
393
393
393
393
10
11
13
14
23
31
36
37
41
46
53
55
56
59
60
78
394
394
394
394
394
394
394
394
394
394
394
394
394
394
394
394
8
14
24
26
30
32
33
34
36
52
56
57
58
59
63
69
71
79
395
395
395
395
395
395
395
395
395
395
395
395
395
395
1
2
10
12
13
14
18
31
32
33
34
36
40
43
44
47
50
55
56
58
59
60
61
62
63
64
78
79
396
396
396
396
6
13
20
22
23
24
31
34
38
45
46
48
51
56
59
65
67
70
76
77
79
397
397
397
397
397
397
397
397
397
397
397
1
6
7
11
12
16
22
25
29
35
38
39
44
48
50
53
54
57
61
63
64
72
75
77
78
398
398
398
398
398
398
398
5
8
17
23
28
34
37
43
44
47
51
52
54
59
62
66
70
71
76
77
78
399
399
399
399
399
399
399
399
399
399
399
