3600
0
3599
0
1
2
3
4
0
0
0
0
0
1
2
3
4
1
1
1
1
0
1
2
3
4
2
2
2
2
0
1
2
3
4
3
3
3
3
0
1
2
3
4
4
4
4
4
0
1
2
3
4
5
5
5
5
0
1
2
3
4
5
6
6
6
0
1
2
3
4
5
7
7
7
0
1
2
3
4
5
8
8
8
0
1
2
3
4
5
9
9
9
0
1
2
3
4
5
6
10
10
0
1
2
3
4
5
6
11
11
0
1
2
3
4
5
6
12
12
0
1
2
3
4
5
6
13
13
0
1
2
3
4
5
6
14
14
0
1
2
3
4
5
6
7
15
0
1
2
3
4
5
6
7
16
0
1
2
3
4
5
6
7
17
0
1
2
3
4
5
6
7
18
0
1
2
3
4
5
6
7
19
0
1
2
3
4
5
6
7
8
1
2
3
4
5
6
7
8
21
1
2
3
4
5
6
7
8
22
1
2
3
4
5
6
7
8
23
1
2
3
4
5
6
7
8
24
1
2
3
4
5
6
7
8
9
2
3
4
5
6
7
8
9
26
2
3
4
5
6
7
8
9
27
2
3
4
5
6
7
8
9
28
2
3
4
5
6
7
8
9
29
2
3
4
5
6
7
8
9
10
3
4
5
6
7
8
9
10
31
3
4
5
6
7
8
9
10
32
3
4
5
6
7
8
9
10
33
3
4
5
6
7
8
9
10
34
3
4
5
6
7
8
9
10
35
4
5
6
7
8
9
10
11
36
4
5
6
7
8
9
10
11
37
4
5
6
7
8
9
10
11
38
4
5
6
7
8
9
10
11
39
4
5
6
7
8
9
10
11
12
5
6
7
8
9
10
11
12
41
5
6
7
8
9
10
11
12
42
5
6
7
8
9
10
11
12
43
5
6
7
8
9
10
11
12
44
5
6
7
8
9
10
11
12
13
6
7
8
9
10
11
12
13
46
6
7
8
9
10
11
12
13
47
6
7
8
9
10
11
12
13
48
6
7
8
9
10
11
12
13
49
6
7
8
9
10
11
12
13
14
7
8
9
10
11
12
13
14
51
7
8
9
10
11
12
13
14
52
7
8
9
10
11
12
13
14
53
7
8
9
10
11
12
13
14
54
8
9
10
11
12
13
14
15
55
8
9
10
11
12
13
14
15
56
8
9
10
11
12
13
14
15
57
8
9
10
11
12
13
14
15
58
8
9
10
11
12
13
14
15
59
8
9
10
11
12
13
14
15
60
9
10
11
12
13
14
15
16
61
9
10
11
12
13
14
15
16
62
9
10
11
12
13
14
15
16
63
9
10
11
12
13
14
15
16
64
9
10
11
12
13
14
15
16
17
10
11
12
13
14
15
16
17
66
10
11
12
13
14
15
16
17
67
10
11
12
13
14
15
16
17
68
10
11
12
13
14
15
16
17
69
10
11
12
13
14
15
16
17
70
11
12
13
14
15
16
17
18
71
11
12
13
14
15
16
17
18
72
11
12
13
14
15
16
17
18
73
11
12
13
14
15
16
17
18
74
11
12
13
14
15
16
17
18
19
12
13
14
15
16
17
18
19
76
12
13
14
15
16
17
18
19
77
12
13
14
15
16
17
18
19
78
12
13
14
15
16
17
18
19
79
13
14
15
16
17
18
19
20
80
13
14
15
16
17
18
19
20
81
13
14
15
16
17
18
19
20
82
13
14
15
16
17
18
19
20
83
13
14
15
16
17
18
19
20
84
13
14
15
16
17
18
19
20
85
14
15
16
17
18
19
20
21
86
14
15
16
17
18
19
20
21
87
14
15
16
17
18
19
20
21
88
14
15
16
17
18
19
20
21
89
15
16
17
18
19
20
21
90
90
15
16
17
18
19
20
21
22
91
15
16
17
18
19
20
21
22
92
15
16
17
18
19
20
21
22
93
15
16
17
18
19
20
21
22
94
15
16
17
18
19
20
21
22
23
16
17
18
19
20
21
22
23
96
16
17
18
19
20
21
22
23
97
16
17
18
19
20
21
22
23
98
16
17
18
19
20
21
22
23
99
16
17
18
19
20
21
22
23
24
17
18
19
20
21
22
23
24
101
17
18
19
20
21
22
23
24
102
17
18
19
20
21
22
23
24
103
17
18
19
20
21
22
23
24
104
18
19
20
21
22
23
24
25
105
18
19
20
21
22
23
24
25
106
18
19
20
21
22
23
24
25
107
18
19
20
21
22
23
24
25
108
18
19
20
21
22
23
24
25
109
19
20
21
22
23
24
25
26
110
19
20
21
22
23
24
25
26
111
19
20
21
22
23
24
25
26
112
19
20
21
22
23
24
25
26
113
19
20
21
22
23
24
25
26
114
19
20
21
22
23
24
25
26
115
20
21
22
23
24
25
26
27
116
20
21
22
23
24
25
26
27
117
20
21
22
23
24
25
26
27
118
20
21
22
23
24
25
26
27
119
20
21
22
23
24
25
26
27
28
21
22
23
24
25
26
27
28
121
21
22
23
24
25
26
27
28
122
21
22
23
24
25
26
27
28
123
21
22
23
24
25
26
27
28
124
21
22
23
24
25
26
27
28
29
22
23
24
25
26
27
28
29
126
22
23
24
25
26
27
28
29
127
22
23
24
25
26
27
28
29
128
22
23
24
25
26
27
28
29
129
22
23
24
25
26
27
28
29
30
23
24
25
26
27
28
29
30
131
23
24
25
26
27
28
29
30
132
23
24
25
26
27
28
29
30
133
23
24
25
26
27
28
29
30
134
24
25
26
27
28
29
30
31
135
24
25
26
27
28
29
30
31
136
24
25
26
27
28
29
30
31
137
24
25
26
27
28
29
30
31
138
24
25
26
27
28
29
30
31
139
24
25
26
27
28
29
30
31
140
25
26
27
28
29
30
31
32
141
25
26
27
28
29
30
31
32
142
25
26
27
28
29
30
31
32
143
25
26
27
28
29
30
31
32
144
25
26
27
28
29
30
31
32
33
26
27
28
29
30
31
32
33
146
26
27
28
29
30
31
32
33
147
26
27
28
29
30
31
32
33
148
26
27
28
29
30
31
32
33
149
26
27
28
29
30
31
32
33
34
27
28
29
30
31
32
33
34
151
27
28
29
30
31
32
33
34
152
27
28
29
30
31
32
33
34
153
27
28
29
30
31
32
33
34
154
27
28
29
30
31
32
33
34
35
28
29
30
31
32
33
34
35
156
28
29
30
31
32
33
34
35
157
28
29
30
31
32
33
34
35
158
28
29
30
31
32
33
34
35
159
29
30
31
32
33
34
35
36
160
29
30
31
32
33
34
35
36
161
29
30
31
32
33
34
35
36
162
29
30
31
32
33
34
35
36
163
29
30
31
32
33
34
35
36
164
29
30
31
32
33
34
35
36
165
30
31
32
33
34
35
36
37
166
30
31
32
33
34
35
36
37
167
30
31
32
33
34
35
36
37
168
30
31
32
33
34
35
36
37
169
30
31
32
33
34
35
36
37
38
31
32
33
34
35
36
37
38
171
31
32
33
34
35
36
37
38
172
31
32
33
34
35
36
37
38
173
31
32
33
34
35
36
37
38
174
31
32
33
34
35
36
37
38
39
32
33
34
35
36
37
38
39
176
32
33
34
35
36
37
38
39
177
32
33
34
35
36
37
38
39
178
32
33
34
35
36
37
38
39
179
32
33
34
35
36
37
38
39
40
33
34
35
36
37
38
39
40
181
33
34
35
36
37
38
39
40
182
33
34
35
36
37
38
39
40
183
33
34
35
36
37
38
39
40
184
34
35
36
37
38
39
40
41
185
34
35
36
37
38
39
40
41
186
34
35
36
37
38
39
40
41
187
34
35
36
37
38
39
40
41
188
34
35
36
37
38
39
40
41
189
34
35
36
37
38
39
40
41
190
35
36
37
38
39
40
41
42
191
35
36
37
38
39
40
41
42
192
35
36
37
38
39
40
41
42
193
35
36
37
38
39
40
41
42
194
35
36
37
38
39
40
41
42
43
36
37
38
39
40
41
42
43
196
36
37
38
39
40
41
42
43
197
36
37
38
39
40
41
42
43
198
36
37
38
39
40
41
42
43
199
36
37
38
39
40
41
42
43
200
37
38
39
40
41
42
43
44
201
37
38
39
40
41
42
43
44
202
37
38
39
40
41
42
43
44
203
37
38
39
40
41
42
43
44
204
37
38
39
40
41
42
43
44
205
38
39
40
41
42
43
44
45
206
38
39
40
41
42
43
44
45
207
38
39
40
41
42
43
44
45
208
38
39
40
41
42
43
44
45
209
39
40
41
42
43
44
45
46
210
39
40
41
42
43
44
45
46
211
39
40
41
42
43
44
45
46
212
39
40
41
42
43
44
45
46
213
39
40
41
42
43
44
45
46
214
39
40
41
42
43
44
45
46
215
40
41
42
43
44
45
46
47
216
40
41
42
43
44
45
46
47
217
40
41
42
43
44
45
46
47
218
40
41
42
43
44
45
46
47
219
41
42
43
44
45
46
47
48
220
41
42
43
44
45
46
47
48
221
41
42
43
44
45
46
47
48
222
41
42
43
44
45
46
47
48
223
41
42
43
44
45
46
47
48
224
42
43
44
45
46
47
48
225
225
42
43
44
45
46
47
48
49
226
42
43
44
45
46
47
48
49
227
42
43
44
45
46
47
48
49
228
42
43
44
45
46
47
48
49
229
42
43
44
45
46
47
48
49
230
43
44
45
46
47
48
49
50
231
43
44
45
46
47
48
49
50
232
43
44
45
46
47
48
49
50
233
43
44
45
46
47
48
49
50
234
44
45
46
47
48
49
50
51
235
44
45
46
47
48
49
50
51
236
44
45
46
47
48
49
50
51
237
44
45
46
47
48
49
50
51
238
44
45
46
47
48
49
50
51
239
44
45
46
47
48
49
50
51
240
45
46
47
48
49
50
51
52
241
45
46
47
48
49
50
51
52
242
45
46
47
48
49
50
51
52
243
45
46
47
48
49
50
51
52
244
46
47
48
49
50
51
52
53
245
46
47
48
49
50
51
52
53
246
46
47
48
49
50
51
52
53
247
46
47
48
49
50
51
52
53
248
46
47
48
49
50
51
52
53
249
47
48
49
50
51
52
53
250
250
47
48
49
50
51
52
53
54
251
47
48
49
50
51
52
53
54
252
47
48
49
50
51
52
53
54
253
47
48
49
50
51
52
53
54
254
47
48
49
50
51
52
53
54
255
48
49
50
51
52
53
54
55
256
48
49
50
51
52
53
54
55
257
48
49
50
51
52
53
54
55
258
48
49
50
51
52
53
54
55
259
49
50
51
52
53
54
55
56
260
49
50
51
52
53
54
55
56
261
49
50
51
52
53
54
55
56
262
49
50
51
52
53
54
55
56
263
49
50
51
52
53
54
55
56
264
49
50
51
52
53
54
55
56
265
50
51
52
53
54
55
56
57
266
50
51
52
53
54
55
56
57
267
50
51
52
53
54
55
56
57
268
50
51
52
53
54
55
56
57
269
51
52
53
54
55
56
57
58
270
51
52
53
54
55
56
57
58
271
51
52
53
54
55
56
57
58
272
51
52
53
54
55
56
57
58
273
51
52
53
54
55
56
57
58
274
52
53
54
55
56
57
58
275
275
52
53
54
55
56
57
58
59
276
52
53
54
55
56
57
58
59
277
52
53
54
55
56
57
58
59
278
52
53
54
55
56
57
58
59
279
52
53
54
55
56
57
58
59
280
53
54
55
56
57
58
59
60
281
53
54
55
56
57
58
59
60
282
53
54
55
56
57
58
59
60
283
53
54
55
56
57
58
59
60
284
54
55
56
57
58
59
60
61
285
54
55
56
57
58
59
60
61
286
54
55
56
57
58
59
60
61
287
54
55
56
57
58
59
60
61
288
54
55
56
57
58
59
60
61
289
54
55
56
57
58
59
60
61
290
55
56
57
58
59
60
61
62
291
55
56
57
58
59
60
61
62
292
55
56
57
58
59
60
61
62
293
55
56
57
58
59
60
61
62
294
56
57
58
59
60
61
62
63
295
56
57
58
59
60
61
62
63
296
56
57
58
59
60
61
62
63
297
56
57
58
59
60
61
62
63
298
56
57
58
59
60
61
62
63
299
57
58
59
60
61
62
63
300
300
57
58
59
60
61
62
63
64
301
57
58
59
60
61
62
63
64
302
57
58
59
60
61
62
63
64
303
57
58
59
60
61
62
63
64
304
57
58
59
60
61
62
63
64
305
58
59
60
61
62
63
64
65
306
58
59
60
61
62
63
64
65
307
58
59
60
61
62
63
64
65
308
58
59
60
61
62
63
64
65
309
59
60
61
62
63
64
65
66
310
59
60
61
62
63
64
65
66
311
59
60
61
62
63
64
65
66
312
59
60
61
62
63
64
65
66
313
59
60
61
62
63
64
65
66
314
59
60
61
62
63
64
65
66
315
60
61
62
63
64
65
66
67
316
60
61
62
63
64
65
66
67
317
60
61
62
63
64
65
66
67
318
60
61
62
63
64
65
66
67
319
61
62
63
64
65
66
67
68
320
61
62
63
64
65
66
67
68
321
61
62
63
64
65
66
67
68
322
61
62
63
64
65
66
67
68
323
61
62
63
64
65
66
67
68
324
62
63
64
65
66
67
68
325
325
62
63
64
65
66
67
68
69
326
62
63
64
65
66
67
68
69
327
62
63
64
65
66
67
68
69
328
62
63
64
65
66
67
68
69
329
62
63
64
65
66
67
68
69
330
63
64
65
66
67
68
69
70
331
63
64
65
66
67
68
69
70
332
63
64
65
66
67
68
69
70
333
63
64
65
66
67
68
69
70
334
64
65
66
67
68
69
70
71
335
64
65
66
67
68
69
70
71
336
64
65
66
67
68
69
70
71
337
64
65
66
67
68
69
70
71
338
64
65
66
67
68
69
70
71
339
64
65
66
67
68
69
70
71
340
65
66
67
68
69
70
71
72
341
65
66
67
68
69
70
71
72
342
65
66
67
68
69
70
71
72
343
65
66
67
68
69
70
71
72
344
66
67
68
69
70
71
72
73
345
66
67
68
69
70
71
72
73
346
66
67
68
69
70
71
72
73
347
66
67
68
69
70
71
72
73
348
66
67
68
69
70
71
72
73
349
67
68
69
70
71
72
73
350
350
67
68
69
70
71
72
73
74
351
67
68
69
70
71
72
73
74
352
67
68
69
70
71
72
73
74
353
67
68
69
70
71
72
73
74
354
67
68
69
70
71
72
73
74
355
68
69
70
71
72
73
74
75
356
68
69
70
71
72
73
74
75
357
68
69
70
71
72
73
74
75
358
68
69
70
71
72
73
74
75
359
69
70
71
72
73
74
75
76
360
69
70
71
72
73
74
75
76
361
69
70
71
72
73
74
75
76
362
69
70
71
72
73
74
75
76
363
69
70
71
72
73
74
75
76
364
69
70
71
72
73
74
75
76
365
70
71
72
73
74
75
76
77
366
70
71
72
73
74
75
76
77
367
70
71
72
73
74
75
76
77
368
70
71
72
73
74
75
76
77
369
71
72
73
74
75
76
77
78
370
71
72
73
74
75
76
77
78
371
71
72
73
74
75
76
77
78
372
71
72
73
74
75
76
77
78
373
71
72
73
74
75
76
77
78
374
72
73
74
75
76
77
78
375
375
72
73
74
75
76
77
78
79
376
72
73
74
75
76
77
78
79
377
72
73
74
75
76
77
78
79
378
72
73
74
75
76
77
78
79
379
72
73
74
75
76
77
78
79
380
73
74
75
76
77
78
79
381
381
73
74
75
76
77
78
79
382
382
73
74
75
76
77
78
79
383
383
73
74
75
76
77
78
79
384
384
74
75
76
77
78
79
385
385
385
74
75
76
77
78
79
386
386
386
74
75
76
77
78
79
387
387
387
74
75
76
77
78
79
388
388
388
74
75
76
77
78
79
389
389
389
74
75
76
77
78
79
390
390
390
75
76
77
78
79
391
391
391
391
75
76
77
78
79
392
392
392
392
75
76
77
78
79
393
393
393
393
75
76
77
78
79
394
394
394
394
76
77
78
79
395
395
395
395
395
76
77
78
79
396
396
396
396
396
76
77
78
79
397
397
397
397
397
76
77
78
79
398
398
398
398
398
76
77
78
79
399
399
399
399
399
