1800
0
1799
0
1
2
3
0
0
0
0
0
0
1
2
1
1
1
1
1
1
0
1
6
2
2
2
2
2
2
0
1
3
4
3
3
3
3
3
0
1
2
5
15
4
4
4
4
1
2
3
5
5
5
5
5
5
0
1
2
4
5
6
6
6
6
0
1
5
7
7
7
7
7
7
1
2
7
11
8
8
8
8
8
1
2
3
9
9
9
9
9
9
0
2
3
4
9
10
10
10
10
0
1
2
3
7
11
11
11
11
2
3
4
11
12
12
12
12
12
0
1
2
3
13
13
13
13
13
2
3
4
6
14
14
14
14
14
1
3
6
15
15
15
15
15
15
2
3
4
16
16
16
16
16
16
1
2
3
6
12
17
17
17
17
1
3
4
5
6
7
18
18
18
3
4
7
19
19
19
19
19
19
1
2
4
20
20
20
20
20
20
2
3
4
6
21
21
21
21
21
4
5
10
22
22
22
22
22
22
3
4
5
6
23
23
23
23
23
2
5
13
24
24
24
24
24
24
1
4
5
25
25
25
25
25
25
3
4
5
6
7
26
26
26
26
3
5
6
8
9
27
27
27
27
1
3
5
6
7
28
28
28
28
3
4
5
6
8
9
16
29
29
6
7
8
9
10
30
30
30
30
5
6
7
11
31
31
31
31
31
3
4
6
7
10
13
32
32
32
4
5
6
7
9
13
33
33
33
4
6
7
8
9
11
34
34
34
2
5
7
9
11
13
35
35
35
3
5
6
7
9
36
36
36
36
6
7
9
37
37
37
37
37
37
1
5
6
7
8
13
18
38
38
5
8
9
39
39
39
39
39
39
6
7
8
10
11
40
40
40
40
4
6
7
13
15
41
41
41
41
6
7
8
9
10
42
42
42
42
5
7
9
13
43
43
43
43
43
8
10
18
44
44
44
44
44
44
9
10
11
18
45
45
45
45
45
3
10
15
18
46
46
46
46
46
9
13
47
47
47
47
47
47
47
3
8
9
10
12
48
48
48
48
8
11
15
49
49
49
49
49
49
4
5
7
9
11
12
13
50
50
5
9
10
51
51
51
51
51
51
7
9
10
12
13
52
52
52
52
5
8
10
11
12
53
53
53
53
11
13
15
54
54
54
54
54
54
9
11
12
55
55
55
55
55
55
4
8
9
10
11
12
13
15
16
8
9
10
11
12
57
57
57
57
4
9
10
12
19
58
58
58
58
4
9
11
12
13
17
59
59
59
9
10
11
12
13
15
19
60
60
9
11
12
61
61
61
61
61
61
8
10
11
12
13
15
62
62
62
11
12
13
14
15
63
63
63
63
2
11
12
13
14
16
17
20
64
7
10
12
13
14
17
65
65
65
8
9
13
14
66
66
66
66
66
11
12
13
14
15
67
67
67
67
13
14
15
16
68
68
68
68
68
9
14
69
69
69
69
69
69
69
11
12
14
16
17
70
70
70
70
10
12
13
14
16
71
71
71
71
12
13
15
17
72
72
72
72
72
11
13
14
15
17
19
73
73
73
12
13
14
15
16
17
74
74
74
9
14
15
16
17
18
75
75
75
12
14
15
16
17
18
76
76
76
5
9
14
77
77
77
77
77
77
9
14
15
16
78
78
78
78
78
11
14
16
79
79
79
79
79
79
13
15
16
18
21
80
80
80
80
14
15
81
81
81
81
81
81
81
14
15
17
19
82
82
82
82
82
13
16
17
18
19
20
83
83
83
16
17
21
84
84
84
84
84
84
14
16
17
20
85
85
85
85
85
17
18
19
86
86
86
86
86
86
14
16
17
20
87
87
87
87
87
10
13
14
17
18
20
88
88
88
15
16
17
18
19
89
89
89
89
17
18
21
23
90
90
90
90
90
14
15
16
17
19
20
22
91
91
10
13
14
16
17
19
21
22
92
15
18
19
21
22
23
93
93
93
15
17
18
22
24
26
94
94
94
15
17
18
19
20
24
95
95
95
18
19
20
22
23
96
96
96
96
18
19
20
22
23
97
97
97
97
27
98
98
98
98
98
98
98
98
16
19
20
22
23
24
99
99
99
20
21
24
100
100
100
100
100
100
19
20
21
101
101
101
101
101
101
15
20
22
102
102
102
102
102
102
12
21
25
33
103
103
103
103
103
12
17
18
19
21
22
104
104
104
19
20
21
22
105
105
105
105
105
17
18
19
20
21
23
25
106
106
14
17
20
21
25
30
107
107
107
19
22
24
108
108
108
108
108
108
16
21
22
109
109
109
109
109
109
20
23
110
110
110
110
110
110
110
16
20
21
23
27
111
111
111
111
20
21
22
23
112
112
112
112
112
13
22
23
24
25
113
113
113
113
22
23
24
114
114
114
114
114
114
19
22
23
24
25
26
33
115
115
15
22
23
24
28
116
116
116
116
19
20
23
24
25
26
117
117
117
19
21
23
24
25
28
29
118
118
22
23
24
25
26
119
119
119
119
24
25
26
120
120
120
120
120
120
24
25
26
30
121
121
121
121
121
23
24
25
27
122
122
122
122
122
21
22
23
25
123
123
123
123
123
23
24
25
26
27
29
124
124
124
14
19
21
24
25
27
29
125
125
26
27
126
126
126
126
126
126
126
20
23
25
26
30
127
127
127
127
24
25
27
128
128
128
128
128
128
21
24
26
28
29
129
129
129
129
21
23
24
25
26
27
28
32
130
23
24
25
26
27
131
131
131
131
24
25
26
27
28
30
31
132
132
18
24
25
27
29
33
133
133
133
26
27
28
134
134
134
134
134
134
19
23
27
28
29
135
135
135
135
25
26
29
136
136
136
136
136
136
24
25
26
27
137
137
137
137
137
23
25
26
28
29
138
138
138
138
21
26
28
33
139
139
139
139
139
26
27
28
29
31
32
140
140
140
26
28
29
30
141
141
141
141
141
27
28
30
142
142
142
142
142
142
29
30
143
143
143
143
143
143
143
28
30
144
144
144
144
144
144
144
26
27
28
29
30
31
32
33
36
22
25
146
146
146
146
146
146
146
28
29
30
31
147
147
147
147
147
24
28
29
30
33
148
148
148
148
29
31
32
35
149
149
149
149
149
20
27
30
32
150
150
150
150
150
27
30
31
151
151
151
151
151
151
25
30
31
32
33
152
152
152
152
27
29
30
32
36
153
153
153
153
22
28
30
31
34
154
154
154
154
30
31
32
155
155
155
155
155
155
27
30
32
36
37
156
156
156
156
30
31
32
36
157
157
157
157
157
32
35
37
158
158
158
158
158
158
28
31
32
33
34
159
159
159
159
31
32
33
160
160
160
160
160
160
30
31
32
35
161
161
161
161
161
31
32
33
162
162
162
162
162
162
30
32
33
34
36
163
163
163
163
26
31
32
33
34
39
164
164
164
31
32
33
35
37
165
165
165
165
33
34
35
37
166
166
166
166
166
33
34
36
37
167
167
167
167
167
24
30
32
33
168
168
168
168
168
32
34
35
169
169
169
169
169
169
34
170
170
170
170
170
170
170
170
31
32
34
35
36
171
171
171
171
31
35
36
172
172
172
172
172
172
28
32
33
34
35
38
173
173
173
29
31
33
35
174
174
174
174
174
33
34
35
36
37
38
175
175
175
31
33
35
36
37
176
176
176
176
34
35
36
37
177
177
177
177
177
33
34
36
37
178
178
178
178
178
33
34
36
179
179
179
179
179
179
30
34
35
36
180
180
180
180
180
33
36
37
39
181
181
181
181
181
34
36
37
38
182
182
182
182
182
31
37
183
183
183
183
183
183
183
35
36
37
184
184
184
184
184
184
35
36
37
38
185
185
185
185
185
32
35
36
37
38
186
186
186
186
36
37
38
39
187
187
187
187
187
34
36
37
188
188
188
188
188
188
36
37
38
39
189
189
189
189
189
34
36
38
39
190
190
190
190
190
37
38
39
191
191
191
191
191
191
36
38
39
192
192
192
192
192
192
37
38
193
193
193
193
193
193
193
31
38
39
194
194
194
194
194
194
35
38
195
195
195
195
195
195
195
36
38
39
196
196
196
196
196
196
34
197
197
197
197
197
197
197
197
37
198
198
198
198
198
198
198
198
38
39
199
199
199
199
199
199
199
