4080
0
4079
0
1
2
3
4
5
6
7
9
10
13
15
16
18
20
22
26
34
38
40
49
59
0
0
0
0
0
0
0
0
0
0
0
0
0
0
0
0
0
0
0
0
0
0
0
0
0
0
0
0
0
0
1
2
3
4
5
8
10
14
15
17
18
21
23
24
26
31
43
61
62
64
89
90
1
1
1
1
1
1
1
1
1
1
1
1
1
1
1
1
1
1
1
1
1
1
1
1
1
1
1
1
0
1
2
3
4
5
7
8
9
10
11
12
13
14
16
17
18
19
20
22
23
25
29
38
44
45
49
51
75
94
2
2
2
2
2
2
2
2
2
2
2
2
2
2
2
2
2
2
2
2
2
2
3
4
5
7
8
9
11
12
13
14
15
16
17
18
20
21
22
23
24
25
28
30
32
33
43
50
54
94
3
3
3
3
3
3
3
3
3
3
3
3
3
3
3
3
3
3
3
3
3
3
4
5
6
7
9
10
11
12
16
17
18
19
20
21
22
23
24
25
26
27
30
32
33
34
36
43
44
45
54
56
58
83
4
4
4
4
4
4
4
4
4
4
4
4
4
4
4
4
4
4
4
0
4
6
9
12
13
14
15
16
17
20
21
22
23
24
25
26
27
28
29
30
32
33
34
35
36
37
42
44
45
47
55
56
57
58
60
61
65
70
5
5
5
5
5
5
5
5
5
5
5
5
1
2
4
12
15
17
18
24
25
26
27
28
29
30
31
33
34
35
36
37
40
46
49
53
62
64
73
122
6
6
6
6
6
6
6
6
6
6
6
6
6
6
6
6
6
6
6
6
6
6
6
12
16
17
20
22
23
24
25
26
28
29
30
31
33
34
35
36
37
38
39
40
41
42
45
46
47
48
50
51
52
53
54
57
59
60
72
74
75
100
170
7
7
7
7
7
7
7
7
7
7
7
3
6
7
15
16
17
19
21
22
23
24
25
27
28
31
32
33
34
35
36
37
38
39
40
41
42
43
44
45
47
48
51
53
57
59
68
101
114
8
8
8
8
8
8
8
8
8
8
8
8
8
5
6
9
12
13
15
21
23
25
26
28
30
33
34
36
37
38
39
41
42
43
44
45
46
47
48
49
50
51
52
53
56
57
58
59
62
63
65
67
70
71
73
80
90
9
9
9
9
9
9
9
10
14
19
25
27
29
31
32
34
39
40
41
43
45
46
47
48
49
50
51
52
53
54
55
56
62
64
66
73
74
93
121
133
10
10
10
10
10
10
10
10
10
10
10
10
10
10
10
10
10
10
20
22
31
32
35
38
39
41
42
44
45
46
47
48
49
50
51
52
53
54
55
56
57
58
59
60
62
63
64
66
67
68
69
72
73
74
77
85
93
95
107
118
121
127
11
11
11
11
11
11
11
11
14
16
17
22
34
38
39
40
42
44
46
47
48
49
50
51
53
54
55
56
57
58
59
60
61
63
64
65
66
67
71
72
73
78
79
87
88
89
91
97
105
107
111
12
12
12
12
12
12
12
10
17
23
39
41
42
45
48
49
51
53
55
57
61
62
63
64
65
66
67
68
69
71
73
74
76
77
78
80
81
83
84
95
96
99
102
106
128
13
13
13
13
13
13
13
13
13
13
13
13
13
11
22
34
38
48
49
51
52
54
55
57
59
60
61
62
63
64
66
67
68
69
70
71
72
73
74
75
76
79
80
81
83
84
85
86
87
92
98
99
104
105
108
112
14
14
14
14
14
14
14
14
13
22
32
33
34
41
44
45
47
50
52
54
55
56
58
59
60
62
64
68
69
70
71
72
73
74
75
77
78
79
80
81
82
83
84
86
87
88
89
92
97
98
102
111
112
114
117
122
135
144
146
31
33
50
54
57
60
62
66
72
73
74
75
76
77
78
80
81
82
86
88
89
93
95
96
98
99
100
101
103
105
110
119
124
125
133
194
16
16
16
16
16
16
16
16
16
16
16
16
16
16
16
45
52
60
64
66
68
72
73
74
75
77
78
79
81
82
83
84
85
86
88
89
90
91
92
96
97
99
100
102
103
106
107
117
118
120
121
132
136
154
17
17
17
17
17
17
17
17
17
17
17
17
39
47
55
59
61
62
64
67
70
72
74
76
77
78
81
83
84
85
86
87
88
89
90
91
92
93
95
96
97
101
102
103
105
109
114
115
117
119
121
127
129
135
149
184
18
18
18
18
18
18
18
35
49
60
61
64
73
74
76
79
80
81
82
83
84
90
92
93
94
95
96
97
98
101
102
103
104
105
107
108
109
118
120
123
138
164
186
19
19
19
19
19
19
19
19
19
19
19
19
19
19
19
7
64
68
70
72
77
81
82
84
85
86
87
88
90
91
92
94
95
96
97
98
99
100
101
102
103
105
106
109
110
111
116
118
119
122
127
131
134
174
20
20
20
20
20
20
20
20
20
20
20
20
6
49
51
64
73
76
81
88
89
91
92
93
97
99
101
102
104
105
106
107
108
109
110
111
112
114
115
117
118
119
124
125
126
128
129
130
145
186
21
21
21
21
21
21
21
21
21
21
21
21
21
32
46
54
59
64
78
81
85
87
91
94
95
96
100
101
102
103
104
105
106
107
109
110
111
112
113
115
116
120
121
122
124
126
128
129
130
135
136
145
149
200
22
22
22
22
22
22
22
22
22
22
55
65
81
87
91
92
102
105
106
107
108
109
111
112
113
114
115
116
117
118
120
122
123
124
125
129
135
144
159
171
23
23
23
23
23
23
23
23
23
23
23
23
23
23
23
23
23
23
23
23
23
41
60
75
84
87
88
89
92
106
109
113
114
115
116
117
118
119
120
121
122
123
124
125
126
127
128
129
131
135
136
141
143
162
189
230
24
24
24
24
24
24
24
24
24
24
24
24
24
24
24
24
65
72
83
85
92
94
95
102
103
109
110
112
113
117
118
120
121
122
123
124
125
126
127
128
129
130
131
132
134
136
138
139
142
143
144
150
151
153
155
156
158
160
167
173
176
177
183
191
203
205
25
100
104
107
110
113
118
120
122
123
124
126
127
128
129
130
131
132
133
134
136
139
140
144
145
148
150
156
161
163
164
169
170
173
176
187
193
276
26
26
26
26
26
26
26
26
26
26
26
26
26
26
89
93
98
103
113
116
117
124
125
126
128
129
130
131
133
134
135
136
137
138
139
140
141
142
143
146
148
153
154
159
164
188
201
220
27
27
27
27
27
27
27
27
27
27
27
27
27
27
27
27
27
68
97
110
113
122
123
124
126
127
130
131
132
133
134
135
136
137
138
139
140
141
142
143
144
146
148
151
152
155
160
165
181
185
215
28
28
28
28
28
28
28
28
28
28
28
28
28
28
28
28
28
89
101
106
107
110
113
114
119
120
122
123
124
126
128
129
130
131
133
134
135
136
137
139
140
141
143
144
145
146
147
148
149
150
152
153
155
156
159
162
163
164
166
172
189
190
197
215
29
29
29
29
98
110
116
121
126
129
130
131
133
134
135
136
138
139
141
142
143
144
146
147
148
149
150
151
152
153
154
155
156
157
158
159
160
161
162
164
165
168
169
173
182
185
187
204
219
221
30
30
30
30
30
117
119
120
122
126
129
134
136
141
142
143
144
145
147
148
149
150
151
154
155
156
157
158
159
160
161
164
165
168
170
173
177
178
179
182
183
184
198
199
200
211
257
31
31
31
31
31
31
31
31
31
120
134
136
141
144
145
146
152
153
154
155
156
157
158
159
160
161
162
163
164
167
169
170
171
174
175
176
177
183
184
190
191
199
206
207
208
293
32
32
32
32
32
32
32
32
32
32
32
32
32
32
77
107
111
117
122
129
141
147
149
150
152
154
156
158
161
162
163
164
165
166
167
168
169
170
171
173
174
175
176
179
182
183
191
194
197
198
203
211
226
235
264
33
33
33
33
33
33
33
33
33
33
100
115
118
132
135
136
144
145
146
151
154
155
156
160
163
164
165
166
167
168
169
170
171
172
173
176
178
180
181
182
183
185
188
190
191
192
194
195
196
199
207
209
215
217
224
226
34
34
34
34
34
123
124
140
149
150
152
156
157
158
159
160
161
163
164
165
166
168
169
172
173
174
175
176
177
179
180
182
183
184
185
186
189
197
198
203
232
241
35
35
35
35
35
35
35
35
35
35
35
35
35
35
104
117
131
133
137
144
147
150
155
161
164
165
166
167
168
170
171
172
174
175
176
177
178
179
180
181
182
184
185
186
187
188
189
192
193
194
200
205
209
215
218
269
36
36
36
36
36
36
36
36
36
112
130
140
166
167
170
171
172
175
176
177
179
180
181
182
183
184
185
186
187
188
189
190
191
193
194
195
198
200
201
202
203
206
213
214
224
228
238
241
257
37
37
37
37
37
37
37
37
37
37
37
120
143
157
158
167
168
170
171
172
173
174
175
177
179
180
181
183
184
186
187
188
189
190
191
192
193
194
195
198
199
202
203
204
206
218
227
230
237
260
261
38
38
38
38
38
38
38
38
38
38
38
132
138
151
156
160
164
165
168
172
175
176
177
180
181
183
190
191
192
193
194
195
196
197
198
199
200
201
202
204
205
206
210
213
215
216
220
223
226
227
236
39
39
39
39
39
39
39
39
39
39
39
82
121
151
168
169
170
171
174
175
179
180
181
182
185
187
189
190
191
192
193
194
196
197
198
199
200
201
202
203
204
205
206
207
209
211
213
216
218
220
221
223
225
228
230
234
238
241
248
40
40
40
140
161
164
173
174
187
192
193
195
196
198
199
200
201
202
204
205
206
209
211
212
214
215
216
217
219
221
222
224
227
232
236
240
251
254
41
41
41
41
41
41
41
41
41
41
41
41
41
41
41
41
178
179
181
183
185
186
187
189
192
193
194
195
198
201
203
204
207
209
210
211
213
214
215
216
218
219
220
221
230
232
233
235
239
246
247
257
263
271
42
42
42
42
42
42
42
42
42
42
42
42
42
168
177
179
192
205
206
207
209
210
213
214
215
216
217
218
219
220
221
222
223
224
225
226
227
228
230
231
233
234
238
240
247
267
273
43
43
43
43
43
43
43
43
43
43
43
43
43
43
43
43
43
158
171
181
187
189
191
192
193
194
195
197
201
203
206
208
210
212
213
217
218
219
220
221
222
224
225
226
227
228
229
230
232
233
235
237
241
244
251
306
44
44
44
44
44
44
44
44
44
44
44
44
130
167
177
183
190
192
201
202
203
209
212
214
215
216
218
219
221
222
223
224
225
226
227
228
229
230
231
232
233
234
235
236
237
239
240
241
244
251
255
258
275
285
321
45
45
45
45
45
45
45
45
181
184
193
196
202
218
220
221
222
223
224
225
226
227
228
230
231
232
233
234
236
237
238
239
241
244
248
256
257
258
262
267
270
272
273
280
291
301
352
46
46
46
46
46
46
46
46
46
46
46
46
192
201
207
209
212
213
216
217
218
219
224
227
228
229
230
231
234
235
236
237
238
239
240
241
242
244
247
248
250
251
258
262
265
280
284
305
47
47
47
47
47
47
47
47
47
47
47
47
47
47
47
193
199
204
206
216
219
222
224
225
228
230
231
233
234
235
236
237
238
239
240
241
242
243
245
248
249
250
251
253
254
256
258
261
264
265
272
273
278
288
299
318
48
48
48
48
48
48
48
48
48
48
192
204
212
217
219
227
234
237
238
241
242
243
244
245
246
247
250
251
252
254
255
256
257
258
259
262
264
267
268
269
270
271
273
275
282
283
285
292
49
49
49
49
49
49
49
49
49
49
49
49
49
192
195
204
222
224
227
228
229
230
231
232
236
239
240
243
244
245
246
247
248
249
250
251
252
253
254
255
256
257
258
260
261
264
265
266
270
272
277
278
281
282
284
290
316
50
50
50
50
50
50
50
185
207
216
220
224
227
229
231
235
237
240
243
244
246
249
250
251
252
253
254
255
256
257
258
259
260
261
263
264
266
268
273
281
289
291
292
51
51
51
51
51
51
51
51
51
51
51
51
51
51
51
213
227
231
232
233
234
235
241
242
246
249
250
251
255
256
257
258
259
260
261
262
263
264
265
266
267
269
270
271
272
273
275
277
281
288
291
293
302
304
310
322
325
52
52
52
52
52
52
52
52
52
212
224
245
246
249
251
255
256
257
259
260
261
262
263
264
265
266
267
268
270
271
272
273
274
276
278
280
282
284
285
286
304
314
53
53
53
53
53
53
53
53
53
53
53
53
53
53
53
53
53
53
210
216
220
232
233
236
240
241
243
245
250
260
262
264
267
268
269
270
271
272
273
274
276
278
279
280
282
283
285
286
288
289
297
299
300
305
312
326
334
348
54
54
54
54
54
54
54
54
54
54
54
210
215
225
241
243
244
250
251
253
256
257
260
261
262
263
265
266
267
268
269
270
271
272
273
274
275
277
278
280
281
282
284
285
287
288
290
293
294
295
298
309
312
319
320
327
329
55
55
55
55
55
205
208
210
226
239
245
248
253
257
262
263
267
268
269
270
272
274
275
277
278
279
280
281
282
283
287
288
289
290
291
294
295
296
297
299
301
305
318
320
329
334
56
56
56
56
56
56
56
56
56
56
221
228
247
250
257
263
264
266
267
269
270
272
273
274
275
276
278
279
280
281
282
283
284
285
286
287
288
289
290
292
295
298
300
302
304
307
309
312
316
385
57
57
57
57
57
57
57
57
57
57
57
231
245
259
260
261
267
269
275
276
277
278
279
280
281
282
283
284
285
286
287
288
289
290
291
292
293
294
295
296
297
298
299
300
301
302
307
308
309
313
316
318
325
328
329
340
364
58
58
58
58
58
252
254
264
267
273
276
278
282
284
285
287
288
290
291
292
294
295
296
297
298
299
300
301
302
303
304
305
309
311
312
313
321
324
331
340
375
59
59
59
59
59
59
59
59
59
59
59
59
59
59
59
218
245
264
266
280
285
286
287
289
292
294
295
296
297
298
299
300
301
302
303
304
305
306
307
309
310
311
318
325
333
340
344
60
60
60
60
60
60
60
60
60
60
60
60
60
60
60
60
60
60
60
263
265
266
267
269
271
272
273
274
280
282
286
293
296
297
298
299
300
301
303
304
305
306
308
309
310
312
315
317
320
322
323
324
331
332
340
341
346
349
367
370
61
61
61
61
61
61
61
61
61
61
227
238
268
272
276
279
282
283
286
288
289
291
292
293
295
297
300
302
305
306
307
308
309
310
311
312
313
314
315
316
317
318
319
320
324
325
333
334
335
337
343
348
353
360
62
62
62
62
62
62
62
226
243
251
284
296
299
300
302
305
306
307
311
312
313
314
315
316
317
318
319
320
321
323
324
325
327
328
335
340
341
355
368
385
63
63
63
63
63
63
63
63
63
63
63
63
63
63
63
63
63
63
278
291
292
296
299
302
306
307
308
309
311
312
313
314
315
317
318
319
320
321
322
323
324
325
326
329
330
331
332
334
338
341
344
345
348
350
358
367
64
64
64
64
64
64
64
64
64
64
64
64
64
294
295
298
299
304
305
307
309
311
312
313
316
317
319
321
323
324
325
326
327
328
329
330
331
334
336
337
338
340
342
343
346
352
355
356
364
367
65
65
65
65
65
65
65
65
65
65
65
65
65
65
270
272
276
285
297
304
306
309
311
312
314
315
318
319
321
322
323
324
326
327
328
329
330
331
332
333
334
335
336
337
338
339
341
342
345
346
347
349
353
354
355
356
357
359
363
374
384
385
66
66
66
250
270
286
291
305
306
310
312
314
316
317
318
321
325
326
328
331
332
333
335
336
337
338
340
342
343
344
345
346
347
349
351
376
378
382
393
67
67
67
67
67
67
67
67
67
67
67
67
67
67
67
280
302
318
322
323
324
325
327
329
330
332
334
335
337
339
340
341
342
343
344
348
351
352
354
358
359
360
367
375
377
387
68
68
68
68
68
68
68
68
68
68
68
68
68
68
68
68
68
68
68
68
230
249
282
294
301
302
309
312
313
318
320
321
326
327
331
335
336
337
338
339
340
341
342
343
344
345
346
347
348
349
350
351
352
353
354
357
358
359
360
361
363
365
370
373
374
377
389
392
393
398
69
232
280
290
291
297
303
314
317
321
326
328
329
333
336
340
341
344
346
348
349
350
351
352
353
355
357
364
370
371
372
373
392
393
70
70
70
70
70
70
70
70
70
70
70
70
70
70
70
70
70
70
331
333
335
336
337
339
340
343
344
345
347
349
350
352
353
354
355
356
358
360
361
362
363
365
366
368
378
389
395
71
71
71
71
71
71
71
71
71
71
71
71
71
71
71
71
71
71
71
71
71
71
285
304
309
340
341
342
348
350
352
353
354
355
356
357
359
360
361
362
363
364
372
378
382
383
387
389
395
72
72
72
72
72
72
72
72
72
72
72
72
72
72
72
72
72
72
72
72
72
72
72
72
304
318
327
329
330
339
346
348
349
350
352
353
354
355
356
357
358
359
360
362
364
365
366
367
368
369
371
373
374
376
377
378
380
386
392
394
398
399
73
73
73
73
73
73
73
73
73
73
73
73
73
339
340
349
352
354
357
359
360
361
362
363
364
365
366
367
368
369
370
371
372
373
374
375
377
378
379
380
381
382
383
384
385
392
399
74
74
74
74
74
74
74
74
74
74
74
74
74
74
74
74
74
328
330
333
337
347
351
356
357
360
365
366
368
370
371
372
373
374
375
376
377
378
379
380
381
383
384
386
387
388
394
396
75
75
75
75
75
75
75
75
75
75
75
75
75
75
75
75
75
75
75
75
314
318
347
360
362
363
364
365
367
368
369
370
372
373
374
375
376
377
378
379
380
381
382
383
385
386
388
389
390
391
392
395
76
76
76
76
76
76
76
76
76
76
76
76
76
76
76
76
76
76
76
287
333
354
361
363
365
366
374
376
378
380
381
382
383
384
385
386
387
388
389
390
391
394
395
397
77
77
77
77
77
77
77
77
77
77
77
77
77
77
77
77
77
77
77
77
77
77
77
77
77
77
263
314
319
356
357
361
366
373
375
376
378
379
380
381
382
384
385
386
387
388
389
390
391
392
395
396
398
399
78
78
78
78
78
78
78
78
78
78
78
78
78
78
78
78
78
78
78
78
78
78
78
343
348
363
364
367
371
372
374
378
379
380
382
384
386
387
388
389
390
391
392
394
395
396
397
398
399
79
79
79
79
79
79
79
79
79
79
79
79
79
79
79
79
79
79
79
79
79
79
79
79
79
