4320
0
4319
20
50
64
71
80
107
109
113
142
151
157
162
175
179
187
188
197
223
228
232
255
274
286
299
304
309
315
321
323
326
327
329
342
351
364
371
381
391
0
0
0
0
0
0
0
0
0
0
0
0
0
0
0
0
13
17
25
26
35
46
48
63
65
71
100
113
123
127
135
140
143
190
198
207
210
212
214
216
218
222
229
232
233
236
248
261
277
282
302
312
313
342
366
370
395
397
399
1
1
1
1
1
1
1
1
1
1
1
2
8
11
24
39
59
72
78
80
99
111
112
120
126
130
136
142
150
152
173
207
228
229
253
263
289
290
295
321
326
327
330
366
367
371
393
2
2
2
2
2
2
2
2
2
2
2
2
2
2
2
2
2
2
0
9
16
35
37
55
71
89
100
106
119
156
168
192
206
212
217
225
230
244
247
251
287
304
315
340
342
346
347
358
389
391
394
3
3
3
3
3
3
3
3
3
3
3
3
3
3
3
3
3
3
3
3
3
15
21
25
49
63
83
86
92
93
108
111
114
133
142
150
161
171
173
201
211
228
235
236
256
264
266
274
279
291
293
295
315
338
352
356
365
366
376
4
4
4
4
4
4
4
4
4
4
4
4
4
4
4
4
31
33
36
50
56
68
74
82
87
110
117
122
129
134
138
140
150
155
167
178
184
196
206
207
213
214
215
220
227
234
238
245
274
281
291
299
304
319
341
343
346
349
351
356
357
360
397
5
5
5
5
5
5
5
9
22
25
26
41
48
53
64
90
99
108
114
116
159
161
164
165
176
217
225
226
250
262
274
287
293
299
313
340
347
364
379
385
6
6
6
6
6
6
6
6
6
6
6
6
6
6
6
6
6
6
6
6
6
11
19
26
28
51
55
57
62
72
75
96
101
147
150
161
166
171
175
185
193
201
211
214
226
229
234
243
251
269
289
290
292
295
303
314
315
318
334
341
349
375
392
399
7
7
7
7
7
7
7
7
7
7
7
0
6
12
17
20
28
32
72
89
109
116
117
120
127
158
165
178
183
191
200
202
209
216
239
241
243
244
249
255
266
275
286
294
297
299
339
342
354
355
356
359
378
8
8
8
8
8
8
8
8
8
8
8
8
49
105
114
117
118
120
125
134
156
163
165
167
172
179
194
202
210
221
230
232
235
238
245
253
256
278
302
308
313
314
329
331
338
355
361
374
377
379
385
388
391
395
9
9
9
9
9
9
9
9
9
9
9
9
6
19
23
26
29
47
48
52
62
76
95
104
112
123
130
135
143
144
172
178
185
189
190
198
204
228
236
243
248
249
263
279
281
285
290
293
303
333
334
338
341
348
373
376
380
392
397
10
10
10
10
10
10
10
0
1
4
32
34
73
74
81
85
87
95
106
116
128
129
135
139
149
157
172
184
188
213
229
232
238
239
242
246
259
274
286
300
335
354
362
367
368
379
384
388
397
11
11
11
11
11
11
11
11
11
11
11
11
4
7
14
29
30
34
48
54
58
71
85
107
115
147
157
158
166
170
172
189
195
198
208
213
215
228
252
257
267
278
282
284
321
323
334
358
371
387
12
12
12
12
12
12
12
12
12
12
12
12
12
12
12
12
9
12
24
30
45
49
52
56
64
71
95
119
124
137
145
165
172
176
180
183
186
212
221
223
236
245
250
252
262
267
272
280
296
308
315
325
338
346
359
360
362
364
374
375
395
397
13
13
13
13
13
13
13
13
4
8
24
27
28
33
37
43
57
73
88
90
94
95
119
124
151
157
172
182
190
194
195
200
219
220
227
228
234
242
256
259
269
277
284
296
299
304
317
334
351
371
385
395
14
14
14
14
14
14
14
14
14
14
2
12
21
23
24
28
39
48
80
102
125
131
143
180
194
220
223
224
229
234
239
248
250
259
262
266
271
289
294
296
319
323
352
353
358
364
369
372
382
387
391
15
15
15
15
15
15
15
15
15
15
15
15
15
8
16
26
30
35
45
49
53
61
76
83
99
124
130
132
135
139
159
201
203
213
218
221
223
226
235
260
264
270
283
293
313
321
348
351
359
388
16
16
16
16
16
16
16
16
16
16
16
16
16
16
16
16
16
5
20
23
28
43
69
72
77
78
95
96
97
104
106
123
130
136
141
158
179
190
194
212
217
226
248
254
258
261
273
287
293
301
304
318
320
322
329
346
356
363
377
379
383
397
17
17
17
17
17
17
17
17
17
1
9
11
14
23
25
41
62
69
70
83
88
98
105
107
110
116
117
141
149
167
168
193
205
212
230
235
248
263
297
308
318
322
324
329
334
337
338
342
343
347
373
380
393
18
18
18
18
18
18
18
18
18
18
10
17
46
52
53
68
75
86
92
95
98
105
132
155
158
172
179
185
196
197
201
217
220
226
229
233
253
256
265
277
290
291
320
339
342
365
373
376
379
382
383
388
395
19
19
19
19
19
19
19
19
19
19
19
1
10
19
30
31
41
50
69
74
97
103
104
105
107
113
126
131
137
168
170
177
181
207
210
225
235
245
254
256
260
292
295
313
322
330
334
336
337
343
368
372
380
399
20
20
20
20
20
20
20
20
20
20
20
1
20
57
63
70
74
85
90
100
107
110
111
119
131
132
135
137
141
146
151
154
159
170
177
178
179
194
198
214
218
221
227
245
247
255
261
272
274
302
314
315
316
319
337
342
348
363
366
367
375
382
384
397
398
8
26
32
41
56
60
69
92
93
149
155
156
186
187
222
224
235
240
241
269
291
292
302
311
324
334
339
362
364
378
379
389
394
396
22
22
22
22
22
22
22
22
22
22
22
22
22
22
22
22
22
22
22
22
8
38
42
50
51
91
95
103
110
112
121
122
124
135
144
149
152
161
171
185
189
200
203
210
241
248
258
267
270
311
331
332
334
335
339
340
341
343
352
361
369
375
387
388
390
391
23
23
23
23
23
23
23
23
3
17
19
26
30
36
41
45
88
107
111
117
121
125
126
128
133
136
137
142
152
165
169
180
188
205
212
217
221
224
226
238
240
248
254
255
270
288
292
293
308
310
315
320
350
381
384
397
24
24
24
24
24
24
2
13
15
16
41
42
48
88
101
107
114
115
128
139
141
145
151
155
161
167
177
191
199
208
220
221
226
238
244
256
257
271
306
317
321
330
334
345
361
375
381
382
384
389
391
25
25
25
25
25
25
25
25
25
17
22
28
36
43
44
45
59
61
73
83
96
97
104
105
119
120
128
132
133
150
151
158
165
168
187
195
201
206
217
220
230
241
244
246
263
281
298
301
304
305
306
361
362
394
397
399
26
26
26
26
26
26
26
5
21
34
47
48
54
59
73
98
112
114
121
142
162
168
174
179
183
188
190
193
196
207
232
247
260
271
278
281
285
291
298
305
320
324
360
27
27
27
27
27
27
27
27
27
27
27
27
27
27
27
27
27
27
8
24
26
32
43
60
62
63
82
87
99
107
108
110
115
128
135
136
139
143
160
184
192
197
198
206
233
236
239
241
245
264
283
301
302
324
336
349
363
369
377
378
384
389
28
28
28
28
28
28
28
28
28
28
9
10
11
12
20
23
29
50
54
58
59
68
78
97
101
125
129
151
152
153
157
158
165
168
170
182
183
213
221
226
235
254
283
287
288
314
315
316
319
337
340
384
29
29
29
29
29
29
29
29
29
29
29
29
7
21
25
26
33
48
58
80
83
90
99
100
102
103
115
130
132
164
179
180
181
191
199
219
224
225
228
245
258
261
264
279
294
310
316
324
328
333
345
348
352
356
357
367
376
30
30
30
30
30
30
30
30
30
8
12
16
28
35
39
63
78
80
90
103
104
123
138
142
146
148
151
152
161
164
187
193
199
204
232
255
266
270
272
277
279
290
293
314
337
366
373
374
386
31
31
31
31
31
31
31
31
31
31
31
31
31
31
0
15
17
34
36
39
64
99
116
135
149
155
177
178
193
195
206
242
248
254
260
264
275
278
283
286
299
302
313
330
338
376
382
387
390
394
32
32
32
32
32
32
32
32
32
32
32
32
32
32
32
32
32
32
7
11
16
24
26
59
60
67
88
117
132
141
152
157
172
178
180
182
185
191
208
216
218
234
249
259
260
262
278
305
306
310
313
335
344
358
361
379
381
382
388
33
33
33
33
33
33
33
33
33
33
33
33
33
4
26
30
31
34
68
85
102
109
117
123
130
136
144
151
164
194
205
213
217
219
220
233
246
247
252
279
290
310
323
329
350
375
380
383
386
34
34
34
34
34
34
34
34
34
34
34
34
34
34
34
34
34
34
6
11
14
26
28
31
34
48
58
72
82
83
84
94
95
96
103
123
127
137
151
158
162
169
172
180
188
192
195
205
206
213
225
233
249
250
254
257
264
303
308
311
330
334
342
344
352
363
374
384
386
396
398
35
5
42
48
50
77
82
99
104
118
121
127
138
144
147
160
161
164
170
177
186
189
194
212
226
235
242
243
282
297
299
305
321
345
36
36
36
36
36
36
36
36
36
36
36
36
36
36
36
36
36
36
36
36
36
5
24
43
51
59
75
79
81
91
109
115
116
121
124
128
133
135
143
162
163
175
185
187
201
219
229
240
243
244
246
248
256
272
276
285
289
295
313
314
316
320
322
329
336
365
382
385
386
387
395
396
37
37
37
13
15
25
28
48
62
69
90
103
107
110
126
127
135
139
144
150
155
168
170
198
206
207
209
211
221
224
256
266
276
279
286
287
293
303
310
313
335
341
350
354
361
373
376
378
38
38
38
38
38
38
38
38
38
7
11
31
54
57
63
81
85
93
102
122
133
136
138
148
161
165
170
175
180
189
192
204
206
208
212
250
264
266
284
303
306
309
315
322
329
334
357
360
363
365
377
396
397
39
39
39
39
39
39
39
39
39
39
6
15
38
49
60
72
96
100
106
110
119
121
125
127
130
161
181
185
199
200
209
221
229
233
255
277
282
284
304
328
335
343
351
376
379
384
40
40
40
40
40
40
40
40
40
40
40
40
40
40
40
40
40
40
1
10
13
19
23
28
44
49
60
74
79
96
109
110
129
136
143
154
156
187
189
193
202
215
226
229
254
271
282
284
285
314
318
319
335
343
368
41
41
41
41
41
41
41
41
41
41
41
41
41
41
41
41
41
4
10
18
30
31
59
60
70
73
76
82
85
99
126
129
131
143
150
174
177
184
190
194
209
232
257
260
296
304
312
317
324
355
359
360
363
367
383
384
393
399
42
42
42
42
42
42
42
42
42
42
42
42
42
1
2
4
14
31
36
60
61
63
74
82
122
128
142
149
162
216
221
231
242
246
249
250
253
277
282
288
289
304
310
319
321
330
339
343
353
354
355
360
361
374
377
386
43
43
43
43
43
43
43
43
43
43
43
1
5
6
18
25
26
33
54
55
62
66
73
74
90
103
110
112
115
132
133
134
148
155
161
163
164
167
171
181
194
212
220
225
231
240
254
275
285
292
297
320
324
330
345
346
347
375
386
44
44
44
44
44
44
0
28
32
47
50
54
55
60
66
75
77
109
113
126
133
146
151
171
174
177
185
187
196
222
227
232
256
260
265
266
273
274
307
337
364
376
382
385
390
392
45
45
45
45
45
45
45
45
45
45
45
45
45
45
1
9
10
11
29
80
86
111
121
133
134
145
153
159
165
170
173
174
191
192
201
203
206
207
228
250
255
258
273
279
295
305
308
309
327
337
364
387
392
395
396
46
46
46
46
46
46
46
46
46
46
46
46
46
5
7
14
25
32
35
39
48
56
70
122
128
132
147
162
168
175
179
189
193
194
204
222
229
235
244
250
262
265
276
294
301
313
316
323
327
328
339
369
372
378
385
47
47
47
47
47
47
47
47
47
47
47
47
6
12
16
53
72
95
99
100
110
122
130
175
198
265
270
277
279
288
318
355
372
385
391
48
48
48
48
48
48
48
48
48
48
48
48
48
48
48
48
48
48
48
48
48
48
48
48
48
48
48
48
48
48
48
9
15
24
39
49
58
64
88
93
96
106
116
123
141
144
162
171
217
219
221
234
236
254
255
257
276
287
289
308
312
323
344
380
383
385
388
393
399
49
49
49
49
49
49
49
49
49
49
49
49
49
49
49
49
7
59
61
106
110
116
118
125
129
138
142
153
154
155
160
164
170
171
173
179
181
195
200
214
216
217
225
240
272
274
276
286
292
306
316
329
334
353
362
370
377
382
399
50
50
50
50
50
50
50
50
50
50
50
12
19
21
28
43
48
89
97
100
126
131
143
145
155
158
177
213
215
219
238
242
273
276
279
291
295
298
322
326
327
331
344
357
359
381
382
51
51
51
51
51
51
51
51
51
51
51
51
51
51
51
51
51
51
5
18
28
37
45
60
63
65
80
84
91
107
112
119
131
137
149
161
162
168
172
176
179
180
181
183
194
198
213
217
228
236
240
249
250
258
259
260
261
265
270
288
295
307
322
329
338
342
343
377
392
393
52
52
14
23
33
44
51
58
68
71
85
89
91
103
112
134
135
157
158
159
163
164
196
197
198
209
233
235
245
271
291
294
296
298
302
343
349
353
363
370
371
383
394
53
53
53
53
53
53
53
53
53
53
53
53
53
2
17
19
31
35
37
50
58
73
78
83
87
107
118
131
165
190
194
198
201
216
247
248
258
315
329
333
339
344
364
365
371
54
54
54
54
54
54
54
54
54
54
54
54
54
54
54
54
54
54
54
54
54
54
1
2
7
16
30
36
37
38
52
72
73
74
78
91
97
113
114
118
119
132
162
194
202
216
223
244
252
256
272
281
290
299
303
309
339
353
373
379
385
55
55
55
55
55
55
55
55
55
55
55
55
55
55
55
3
4
6
18
30
38
80
99
106
116
151
181
199
205
221
238
253
260
277
291
300
310
319
329
330
342
345
349
356
358
370
371
375
56
56
56
56
56
56
56
56
56
56
56
56
56
56
56
56
56
56
56
56
56
16
24
28
31
57
60
91
94
100
113
115
121
127
128
130
131
142
159
194
196
229
238
245
257
264
277
282
291
320
335
341
345
356
359
364
365
371
376
378
380
384
395
57
57
57
57
57
57
57
57
57
57
57
57
1
4
5
8
15
16
24
27
34
48
53
55
70
74
104
106
120
125
134
164
169
189
193
229
230
236
263
276
299
311
321
327
331
339
347
357
378
383
387
390
58
58
58
58
58
58
58
58
58
58
58
58
58
58
4
18
24
73
79
95
96
98
106
119
123
126
127
131
133
135
166
193
199
223
235
260
263
267
271
281
288
294
314
322
328
344
355
358
392
59
59
59
59
59
59
59
59
59
59
59
59
59
59
59
59
59
59
59
0
24
27
29
31
35
54
65
68
96
97
109
112
129
161
166
168
169
172
175
180
184
188
191
197
203
204
227
243
253
258
267
278
284
290
295
304
314
327
329
340
345
350
367
382
392
396
60
60
60
60
60
60
60
1
13
26
38
50
70
84
94
103
143
146
150
152
163
176
187
201
209
213
230
231
232
263
266
278
299
302
305
306
309
318
321
324
326
329
350
355
357
372
375
376
377
384
389
61
61
61
61
61
61
61
61
61
61
1
7
30
41
69
74
75
80
91
92
103
116
120
123
130
132
134
146
152
177
183
184
194
257
260
264
266
277
299
306
308
309
339
62
62
62
62
62
62
62
62
62
62
62
62
62
62
62
62
62
62
62
62
62
7
17
18
27
36
71
72
80
85
93
100
107
128
132
157
165
171
173
186
197
204
205
209
251
270
275
277
279
282
288
289
306
307
314
320
343
347
351
352
371
379
382
383
385
397
63
63
63
63
63
63
63
63
63
0
1
3
17
19
30
34
46
68
71
76
82
87
100
101
103
122
160
177
178
208
214
228
250
258
269
270
287
335
339
340
342
349
351
368
371
381
390
64
64
64
64
64
64
64
64
64
64
64
64
64
64
64
64
17
18
19
30
38
53
57
90
92
97
127
142
144
162
177
179
209
216
223
226
233
235
252
253
261
274
278
302
312
327
340
349
356
360
361
365
373
387
388
395
65
65
65
65
65
65
65
65
65
65
65
65
65
65
7
16
18
19
34
38
43
57
64
66
67
70
71
78
84
87
90
93
110
117
130
153
181
184
186
210
219
235
236
255
295
307
319
320
323
352
356
359
362
66
66
66
66
66
66
66
66
66
66
66
66
66
66
66
22
23
32
42
55
73
88
96
105
114
124
131
140
142
161
178
180
215
217
220
231
248
265
270
272
275
289
298
302
318
319
334
339
351
357
376
377
67
67
67
67
67
67
67
67
67
67
67
67
67
67
67
67
67
20
35
57
60
67
98
105
115
119
130
145
151
152
170
178
181
184
198
205
213
220
234
259
262
266
277
281
298
363
373
383
395
399
68
68
68
68
68
68
68
68
68
68
68
68
68
68
68
68
68
68
68
68
68
2
11
16
17
19
20
23
36
42
47
49
51
52
55
61
70
74
92
103
106
113
124
130
141
142
145
164
166
174
196
203
219
223
226
238
250
251
256
261
267
271
279
304
313
318
387
69
69
69
69
69
69
69
69
15
16
30
47
58
62
71
88
89
110
111
130
152
160
163
165
166
168
171
172
195
210
216
219
221
233
235
240
251
255
261
262
266
273
275
279
289
293
299
319
321
325
339
347
350
377
386
399
70
70
70
70
70
70
25
33
45
46
65
67
70
84
96
107
120
134
135
146
151
154
161
180
190
200
210
216
223
227
240
241
245
251
268
278
294
296
298
311
312
322
352
353
367
368
370
373
383
397
71
71
71
71
71
71
71
71
71
71
6
7
51
63
98
101
103
107
115
118
121
144
145
154
181
196
225
226
227
244
248
275
278
283
295
311
326
345
350
359
361
365
366
385
72
72
72
72
72
72
72
72
72
72
72
72
72
72
72
72
72
72
72
72
1
5
9
16
23
27
28
42
58
83
95
97
103
106
107
128
135
145
150
152
157
161
163
171
181
193
197
200
209
213
239
248
268
269
300
301
320
321
330
352
368
372
385
73
73
73
73
73
73
73
73
73
73
73
11
14
21
30
56
62
79
82
85
89
95
104
114
116
136
138
144
148
157
159
160
168
172
177
212
215
235
239
262
270
273
276
287
289
296
299
304
306
316
317
323
340
352
353
376
386
74
74
74
74
74
74
74
74
5
10
13
14
33
38
58
92
93
94
114
129
158
160
163
164
182
189
194
216
230
239
242
254
273
292
293
295
299
301
311
316
325
333
336
345
347
357
359
375
381
387
75
75
75
75
75
75
75
75
75
75
75
75
3
10
14
16
20
30
45
74
89
94
96
100
109
118
121
124
140
144
158
165
177
192
197
204
218
225
227
228
233
235
275
282
283
286
292
298
312
317
362
367
378
381
76
76
76
76
76
76
76
76
76
76
76
76
11
24
38
91
107
115
125
137
139
156
158
165
177
196
207
219
225
243
245
263
265
276
282
292
324
329
330
336
337
342
344
345
349
359
374
378
77
77
77
77
77
77
77
77
77
77
77
77
77
77
77
77
77
77
2
23
31
39
44
94
119
122
125
140
145
146
170
201
227
238
242
259
261
276
280
281
282
294
301
306
307
312
320
339
350
362
368
370
372
377
398
78
78
78
78
78
78
78
78
78
78
78
78
78
78
78
78
78
1
5
15
55
63
64
65
76
85
99
113
116
152
167
193
216
223
229
236
237
240
246
259
263
267
268
279
285
293
302
307
308
321
335
341
351
354
355
367
373
375
382
389
396
398
79
79
79
79
79
79
79
79
79
