1040
0
1039
0
2
5
10
12
14
16
21
32
0
0
0
0
0
0
0
0
0
0
0
0
0
0
0
0
0
0
1
3
4
5
6
7
8
9
13
15
17
19
21
1
1
1
1
1
1
1
1
1
1
1
1
0
1
3
4
5
7
10
16
17
19
21
32
33
2
2
2
2
2
2
2
2
2
2
2
2
2
4
6
7
9
11
12
15
16
19
20
21
22
25
31
3
3
3
3
3
3
3
3
3
3
3
3
6
9
11
14
16
17
18
19
22
23
24
25
26
27
32
35
36
46
4
4
4
4
4
4
4
4
11
16
18
19
20
22
23
24
26
27
28
32
36
38
49
52
54
61
66
5
5
5
5
5
5
5
14
17
23
24
26
30
31
32
33
38
46
48
54
6
6
6
6
6
6
6
6
6
6
6
6
6
11
17
18
22
24
27
28
31
32
33
35
36
37
38
41
43
47
49
73
7
7
7
7
7
7
7
8
12
29
31
36
37
38
39
40
41
42
43
45
46
47
48
51
52
53
54
58
61
76
81
84
8
5
9
22
29
30
35
36
37
38
42
43
45
46
48
49
51
53
57
60
63
80
83
108
9
9
9
9
14
32
35
39
40
42
47
48
49
50
57
59
98
109
10
10
10
10
10
10
10
10
10
10
10
35
46
47
49
50
52
53
55
56
57
58
59
61
63
65
82
85
11
11
11
11
11
11
11
11
11
25
26
41
53
54
55
56
58
59
60
62
63
64
66
67
69
76
79
83
95
97
12
12
12
12
12
38
49
56
59
60
61
62
63
64
66
67
70
71
72
76
77
80
13
13
13
13
13
13
13
13
13
25
51
52
55
56
59
60
62
65
67
68
69
70
71
72
73
74
75
76
78
79
80
86
95
102
111
66
67
69
71
73
76
79
80
81
82
83
87
89
91
100
116
15
15
15
15
15
15
15
15
15
15
38
46
59
60
62
63
66
69
70
71
72
79
80
83
86
87
88
90
91
95
96
16
16
16
16
16
28
65
68
69
75
78
79
80
81
82
83
84
85
86
87
88
91
92
97
103
17
17
17
17
17
17
59
64
65
74
75
79
82
83
85
86
87
88
90
91
92
93
95
97
101
106
107
110
111
126
18
18
43
55
73
85
88
89
90
91
93
94
95
96
97
98
103
104
111
19
19
19
19
19
19
19
19
19
48
80
82
84
86
88
89
92
93
95
96
97
98
99
102
104
105
106
107
108
109
115
117
119
138
144
70
79
88
95
97
99
102
103
105
106
107
108
109
111
112
113
120
121
122
123
138
21
21
21
21
21
55
69
70
83
98
99
101
102
104
105
106
107
108
109
110
111
115
117
118
121
123
141
144
146
22
22
86
97
106
110
111
112
116
118
119
121
124
126
127
184
23
23
23
23
23
23
23
23
23
23
23
23
93
96
99
108
109
113
114
117
118
120
121
122
123
126
127
131
134
135
140
143
167
24
24
24
24
24
59
107
114
116
118
119
121
123
124
125
126
127
128
131
135
136
146
151
156
160
172
25
25
25
25
25
103
107
118
119
124
125
126
127
128
129
130
131
132
133
135
136
138
143
144
146
148
150
170
176
26
26
105
116
122
127
128
130
132
133
134
135
136
139
140
141
145
147
150
152
27
27
27
27
27
27
27
27
113
115
120
129
133
134
136
137
138
140
141
142
143
144
146
151
152
154
157
28
28
28
28
28
28
28
118
122
123
128
133
134
135
138
139
143
144
146
148
150
153
154
155
158
162
165
188
29
29
29
29
29
117
134
140
141
144
148
150
151
153
154
155
157
163
173
184
30
30
30
30
30
30
30
30
30
30
30
117
142
145
146
147
148
151
152
154
155
156
158
163
164
166
169
171
176
178
179
182
31
31
31
31
31
145
148
149
152
153
159
160
162
163
166
167
168
171
172
185
187
32
32
32
32
32
32
32
32
32
32
113
141
149
157
159
161
162
163
164
165
167
168
169
170
173
175
176
177
181
182
191
33
33
33
33
33
132
139
150
158
160
161
162
163
166
167
170
171
172
174
175
177
178
179
180
182
34
34
34
34
34
34
153
157
164
169
171
172
173
174
176
177
180
183
186
187
192
193
35
35
35
35
35
35
35
35
35
35
128
155
158
159
161
170
172
178
180
181
182
184
185
197
36
36
36
36
36
36
36
36
36
36
36
36
159
169
171
173
175
176
177
181
184
185
186
187
188
189
192
193
198
199
37
37
37
37
37
37
37
37
175
176
177
178
180
183
184
186
188
189
192
195
197
198
38
38
38
38
38
38
38
38
38
38
38
38
156
169
180
185
186
187
188
189
191
192
193
194
195
196
197
198
39
39
39
39
39
39
39
39
39
39
