720
0
719
0
1
2
3
4
0
0
0
0
0
1
2
3
4
5
1
1
1
0
1
2
3
4
5
6
2
2
0
1
2
3
4
5
6
7
3
0
1
2
3
4
5
6
7
8
1
2
3
4
5
6
7
8
9
2
3
4
5
6
7
8
9
10
3
4
5
6
7
8
9
10
7
4
5
6
7
8
9
10
11
12
5
6
7
8
9
10
11
12
13
6
7
8
9
10
11
12
13
14
8
9
10
11
12
13
14
15
11
8
9
10
11
12
13
14
15
12
9
10
11
12
13
14
15
16
17
10
11
12
13
14
15
16
17
14
11
12
13
14
15
16
17
18
19
13
14
15
16
17
18
19
20
16
13
14
15
16
17
18
19
20
17
15
16
17
18
19
20
21
18
18
15
16
17
18
19
20
21
22
23
16
17
18
19
20
21
22
23
24
18
19
20
21
22
23
24
25
21
19
20
21
22
23
24
25
26
22
19
20
21
22
23
24
25
26
23
20
21
22
23
24
25
26
27
28
21
22
23
24
25
26
27
28
29
22
23
24
25
26
27
28
29
30
24
25
26
27
28
29
30
31
27
24
25
26
27
28
29
30
31
28
25
26
27
28
29
30
31
32
33
26
27
28
29
30
31
32
33
34
27
28
29
30
31
32
33
34
35
29
30
31
32
33
34
35
36
32
29
30
31
32
33
34
35
36
33
30
31
32
33
34
35
36
37
38
31
32
33
34
35
36
37
38
39
32
33
34
35
36
37
38
39
40
34
35
36
37
38
39
40
41
37
34
35
36
37
38
39
40
41
38
35
36
37
38
39
40
41
42
43
36
37
38
39
40
41
42
43
40
37
38
39
40
41
42
43
44
41
39
40
41
42
43
44
45
46
42
39
40
41
42
43
44
45
46
43
41
42
43
44
45
46
47
48
44
42
43
44
45
46
47
48
45
45
42
43
44
45
46
47
48
49
46
44
45
46
47
48
49
50
51
47
44
45
46
47
48
49
50
51
48
46
47
48
49
50
51
52
53
49
47
48
49
50
51
52
53
50
50
47
48
49
50
51
52
53
54
51
49
50
51
52
53
54
55
56
52
49
50
51
52
53
54
55
56
53
51
52
53
54
55
56
57
58
54
52
53
54
55
56
57
58
55
55
52
53
54
55
56
57
58
59
56
54
55
56
57
58
59
60
61
57
54
55
56
57
58
59
60
61
58
56
57
58
59
60
61
62
63
59
57
58
59
60
61
62
63
60
60
57
58
59
60
61
62
63
64
61
59
60
61
62
63
64
65
66
62
59
60
61
62
63
64
65
66
63
61
62
63
64
65
66
67
68
64
62
63
64
65
66
67
68
65
65
62
63
64
65
66
67
68
69
66
64
65
66
67
68
69
70
71
67
64
65
66
67
68
69
70
71
68
66
67
68
69
70
71
72
73
69
67
68
69
70
71
72
73
70
70
67
68
69
70
71
72
73
74
71
69
70
71
72
73
74
75
76
72
69
70
71
72
73
74
75
76
73
71
72
73
74
75
76
77
78
74
72
73
74
75
76
77
78
75
75
72
73
74
75
76
77
78
79
76
74
75
76
77
78
79
77
77
77
74
75
76
77
78
79
78
78
78
76
77
78
79
79
79
79
79
79
