2240
0
2239
11
12
16
19
24
26
29
37
45
48
49
60
67
69
72
79
0
0
0
0
0
0
0
0
0
0
0
0
1
3
4
11
13
15
16
24
26
28
30
31
32
40
42
44
50
53
56
58
59
62
67
71
75
77
1
1
0
2
5
9
12
19
24
25
26
37
40
44
46
51
53
55
60
62
68
69
2
2
2
2
2
2
2
2
3
12
27
32
33
34
36
39
44
45
48
56
63
69
74
3
3
3
3
3
3
3
3
3
3
3
3
3
0
3
8
19
21
23
24
25
28
29
58
59
65
69
78
4
4
4
4
4
4
4
4
4
4
4
4
4
12
13
15
17
19
23
30
31
36
38
41
43
44
46
56
62
65
68
69
78
5
5
5
5
5
5
5
5
2
7
9
12
13
16
21
26
27
28
32
35
37
39
42
46
55
56
59
60
61
68
70
77
78
6
6
6
24
30
32
38
45
48
52
54
58
59
68
75
76
77
78
7
7
7
7
7
7
7
7
7
7
7
7
7
9
12
14
15
21
22
23
33
48
50
58
64
69
72
73
76
78
8
8
8
8
8
8
8
8
8
8
8
3
5
11
29
41
43
48
53
54
56
57
58
64
66
67
68
73
76
9
9
9
9
9
9
9
9
9
9
0
5
7
13
17
18
23
24
25
26
28
29
31
32
33
43
46
53
58
60
62
65
72
74
75
76
10
10
2
5
8
10
11
17
23
24
29
42
46
48
51
60
64
76
79
11
11
11
11
11
11
11
11
11
11
11
0
1
9
10
13
17
18
22
29
39
42
43
45
46
47
49
52
56
57
61
63
64
66
67
68
76
79
12
2
8
11
12
16
18
23
29
31
36
39
43
55
58
59
64
65
71
74
78
13
13
13
13
13
13
13
13
2
6
8
9
12
14
24
25
27
30
35
37
38
44
48
53
58
59
63
65
68
14
14
14
14
14
14
14
0
4
5
9
12
13
20
24
33
34
43
47
48
49
50
55
58
61
67
74
75
77
15
15
15
15
15
15
5
7
17
18
22
27
29
31
34
36
40
49
50
53
54
55
66
75
78
16
16
16
16
16
16
16
16
16
5
7
8
12
14
25
30
35
36
44
50
51
53
59
60
67
72
77
17
17
17
17
17
17
17
17
17
17
3
11
16
18
21
22
29
34
36
37
38
51
58
60
61
62
63
66
67
70
71
72
74
76
18
18
18
18
11
12
13
14
20
24
25
26
27
35
37
38
42
43
44
45
46
49
57
67
71
76
77
78
19
19
19
19
7
9
10
12
13
16
29
30
31
32
33
36
37
39
42
49
50
57
58
59
62
63
67
69
72
75
77
20
4
6
7
8
10
13
18
20
22
23
30
32
36
37
38
43
45
46
50
62
63
69
71
78
21
21
21
21
4
11
16
17
19
20
22
26
29
31
34
44
45
54
57
59
60
63
67
70
73
22
22
22
22
22
22
22
2
9
18
24
33
40
42
48
49
51
55
58
59
62
64
67
71
76
78
23
23
23
23
23
23
23
23
23
4
5
10
13
19
30
32
37
44
45
48
56
60
71
74
76
24
24
24
24
24
24
24
24
24
24
24
24
0
1
4
25
27
40
41
43
46
50
52
56
61
75
25
25
25
25
25
25
25
25
25
25
25
25
25
25
0
10
11
17
18
22
26
39
40
43
44
50
55
59
60
70
78
26
26
26
26
26
26
26
26
26
26
26
1
2
22
23
29
32
33
34
40
44
52
54
62
65
68
76
79
27
27
27
27
27
27
27
27
27
27
27
2
5
8
14
15
16
19
22
23
24
29
30
32
38
42
47
50
53
54
58
60
64
66
69
74
78
28
28
10
16
19
21
27
30
34
41
43
47
49
59
60
66
69
70
71
73
76
79
29
29
29
29
29
29
29
29
11
14
29
33
34
36
43
45
47
48
52
56
64
65
70
71
72
74
77
78
30
30
30
30
30
30
30
30
3
5
8
10
13
16
17
20
24
26
27
29
34
44
45
48
49
50
51
55
66
67
69
31
31
31
31
31
1
2
9
15
22
25
26
29
32
33
36
39
41
47
51
52
57
59
60
61
73
74
76
32
32
32
32
32
7
13
18
28
29
40
47
48
53
55
60
64
67
33
33
33
33
33
33
33
33
33
33
33
33
33
33
33
0
2
3
12
14
17
26
32
33
37
43
44
53
55
58
59
60
64
66
69
71
72
73
74
75
76
34
34
1
11
16
17
28
30
35
46
50
54
58
59
62
63
69
74
75
77
35
35
35
35
35
35
35
35
35
35
6
9
10
16
17
19
35
48
54
55
56
59
62
63
64
66
67
69
77
36
36
36
36
36
36
36
36
36
0
5
8
9
12
15
20
27
33
41
43
57
58
59
60
75
77
37
37
37
37
37
37
37
37
37
37
37
1
4
6
12
30
31
43
44
49
54
61
69
71
75
79
38
38
38
38
38
38
38
38
38
38
38
38
38
1
2
5
6
7
12
15
19
23
25
32
39
41
43
44
46
48
53
55
57
63
65
68
71
76
77
39
39
0
1
4
18
27
28
29
32
34
36
37
40
45
46
51
53
66
73
40
40
40
40
40
40
40
40
40
40
3
6
18
21
22
31
34
39
40
43
45
46
50
53
57
59
60
61
62
65
76
41
41
41
41
41
41
41
8
13
15
17
18
19
23
29
33
38
41
50
58
62
42
42
42
42
42
42
42
42
42
42
42
42
42
42
1
2
3
7
13
16
23
25
27
29
36
40
44
52
57
63
69
71
75
77
78
43
43
43
43
43
43
43
0
1
7
11
12
22
24
26
27
31
37
40
41
53
55
57
58
60
65
70
72
73
75
78
44
44
44
44
1
3
5
28
32
37
40
44
46
48
49
50
55
56
57
60
62
65
69
74
45
45
45
45
45
45
45
45
8
14
15
18
19
33
36
37
42
63
64
65
69
73
46
46
46
46
46
46
46
46
46
46
46
46
46
46
1
2
6
10
17
18
19
28
31
32
37
42
44
47
50
55
56
61
63
71
75
47
47
47
47
47
47
47
0
3
5
6
7
12
17
19
20
22
25
26
33
39
40
44
51
54
58
59
60
71
74
75
76
79
48
48
8
9
10
15
28
33
35
38
46
47
49
52
53
68
70
74
49
49
49
49
49
49
49
49
49
49
49
49
1
9
10
17
20
23
25
27
31
37
48
55
56
64
66
68
69
73
76
50
50
50
50
50
50
50
50
50
9
10
11
17
18
19
20
23
26
30
33
34
37
40
42
43
44
46
51
57
59
61
63
64
66
67
73
75
0
4
5
21
34
45
50
53
57
66
69
70
72
73
76
78
52
52
52
52
52
52
52
52
52
52
52
52
1
3
10
12
15
17
19
23
27
31
43
47
50
53
55
60
61
66
71
73
78
53
53
53
53
53
53
53
2
5
10
20
21
28
29
35
36
40
53
58
60
61
64
65
72
74
75
54
54
54
54
54
54
54
54
54
2
4
8
9
10
12
13
15
17
36
38
39
40
42
43
52
62
69
74
75
78
55
55
55
55
55
55
55
7
12
15
22
23
24
34
35
37
42
50
52
54
55
58
59
60
66
67
69
77
56
56
56
56
56
56
56
0
4
10
18
34
35
38
41
43
46
48
53
57
58
71
76
78
57
57
57
57
57
57
57
57
57
57
57
0
2
3
10
11
12
14
22
24
31
32
48
53
60
65
69
79
58
58
58
58
58
58
58
58
58
58
58
0
3
7
12
13
19
20
24
29
30
32
33
38
46
48
50
52
57
68
69
77
79
59
59
59
59
59
59
0
2
7
8
10
11
14
16
17
19
23
24
27
33
35
38
47
48
52
55
60
63
71
73
60
60
60
60
3
4
9
13
15
17
29
37
40
44
45
48
51
61
65
67
68
71
78
61
61
61
61
61
61
61
61
61
2
4
5
29
30
33
39
44
50
52
55
58
60
62
64
66
71
62
62
62
62
62
62
62
62
62
62
62
3
13
15
20
21
24
25
36
38
40
43
54
55
66
75
77
79
63
63
63
63
63
63
63
63
63
63
63
5
14
15
16
25
36
37
39
42
45
46
56
64
65
69
75
78
64
64
64
64
64
64
64
64
64
64
64
13
16
21
22
24
25
27
35
37
38
40
47
53
61
63
65
69
73
75
76
78
65
65
65
65
65
65
65
2
5
8
12
21
35
43
44
46
48
50
52
59
64
74
75
77
79
66
66
66
66
66
66
66
66
66
66
9
10
11
13
16
22
31
32
33
43
47
51
53
57
58
62
71
73
75
77
78
67
67
67
67
67
67
67
2
7
14
17
22
23
24
31
35
43
44
45
49
54
58
59
68
76
68
68
68
68
68
68
68
68
68
68
2
4
6
9
12
15
18
21
28
29
33
36
37
40
42
54
57
59
77
69
69
69
69
69
69
69
69
69
15
19
20
23
28
30
31
34
37
40
46
47
48
53
59
60
61
64
65
66
74
70
70
70
70
70
70
70
7
8
10
15
17
20
22
25
30
35
40
41
43
49
58
63
76
77
71
71
71
71
71
71
71
71
71
71
1
12
14
16
19
20
32
43
50
52
57
60
65
75
72
72
72
72
72
72
72
72
72
72
72
72
72
72
6
8
11
13
14
17
19
20
24
26
35
46
52
58
59
61
62
68
79
73
73
73
73
73
73
73
73
73
0
1
5
9
15
18
30
39
42
44
47
48
49
58
64
66
67
69
76
78
74
74
74
74
74
74
74
74
0
1
23
25
26
30
32
41
45
46
47
49
55
58
64
65
71
72
77
79
75
75
75
75
75
75
75
75
11
17
22
24
26
27
30
31
32
39
49
54
64
66
68
72
76
76
76
76
76
76
76
76
76
76
76
76
4
7
9
15
19
21
23
25
28
35
38
41
43
46
48
50
51
53
54
55
67
70
71
72
74
76
77
77
1
11
12
15
17
20
27
36
41
44
50
56
68
79
78
78
78
78
78
78
78
78
78
78
78
78
78
78
4
10
14
19
24
25
30
33
42
46
47
48
53
54
58
61
64
71
75
79
79
79
79
79
79
79
79
79
